10 0.1 
11 0.09090909090909091
12 0.08333333333333333
13 0.07692307692307693
14 0.07142857142857142
15 0.06666666666666667
16 0.0625
17 0.058823529411764705
18 0.05555555555555555
19 0.05263157894736842
20 0.05
21 0.09523809523809523
22 0.09090909090909091
23 0.08695652173913043
24 0.08333333333333333
25 0.08
26 0.07692307692307693
27 0.07407407407407407
28 0.07142857142857142
29 0.06896551724137931
30 0.06666666666666667
31 0.06451612903225806
32 0.09375
33 0.09090909090909091
34 0.08823529411764706
35 0.08571428571428572
36 0.08333333333333333
37 0.08108108108108109
38 0.10526315789473684
39 0.10256410256410256
40 0.1
41 0.0975609756097561
42 0.09523809523809523
43 0.09302325581395349
44 0.11363636363636363
45 0.1111111111111111
46 0.10869565217391304
47 0.10638297872340426
48 0.10416666666666667
49 0.10204081632653061
50 0.12
51 0.11764705882352941
52 0.11538461538461539
53 0.11320754716981132
54 0.1111111111111111
55 0.10909090909090909
56 0.125
57 0.12280701754385964
58 0.1206896551724138
59 0.11864406779661017
60 0.11666666666666667
61 0.13114754098360656
62 0.12903225806451613
63 0.12698412698412698
64 0.125
65 0.12307692307692308
66 0.12121212121212122
67 0.13432835820895522
68 0.1323529411764706
69 0.13043478260869565
70 0.12857142857142856
71 0.1267605633802817
72 0.1388888888888889
73 0.136986301369863
74 0.13513513513513514
75 0.13333333333333333
76 0.13157894736842105
77 0.12987012987012986
78 0.14102564102564102
79 0.13924050632911392
80 0.1375
81 0.13580246913580246
82 0.13414634146341464
83 0.14457831325301204
84 0.14285714285714285
85 0.1411764705882353
86 0.13953488372093023
87 0.13793103448275862
88 0.14772727272727273
89 0.14606741573033707
90 0.14444444444444443
91 0.14285714285714285
92 0.14130434782608695
93 0.13978494623655913
94 0.14893617021276595
95 0.14736842105263157
96 0.14583333333333334
97 0.14432989690721648
98 0.14285714285714285
99 0.1414141414141414
100 0.14
101 0.13861386138613863
102 0.13725490196078433
103 0.13592233009708737
104 0.1346153846153846
105 0.13333333333333333
106 0.14150943396226415
107 0.14018691588785046
108 0.1388888888888889
109 0.13761467889908258
110 0.13636363636363635
111 0.14414414414414414
112 0.14285714285714285
113 0.1415929203539823
114 0.14035087719298245
115 0.1391304347826087
116 0.14655172413793102
117 0.1452991452991453
118 0.1440677966101695
119 0.14285714285714285
120 0.15
121 0.1487603305785124
122 0.14754098360655737
123 0.14634146341463414
124 0.14516129032258066
125 0.152
126 0.15079365079365079
127 0.14960629921259844
128 0.1484375
129 0.14728682170542637
130 0.15384615384615385
131 0.15267175572519084
132 0.15151515151515152
133 0.15037593984962405
134 0.14925373134328357
135 0.14814814814814814
136 0.14705882352941177
137 0.145985401459854
138 0.15217391304347827
139 0.1510791366906475
140 0.15
141 0.14893617021276595
142 0.14788732394366197
143 0.15384615384615385
144 0.1527777777777778
145 0.15172413793103448
146 0.1506849315068493
147 0.14965986394557823
148 0.1554054054054054
149 0.15436241610738255
150 0.15333333333333332
151 0.152317880794702
152 0.15789473684210525
153 0.1568627450980392
154 0.15584415584415584
155 0.15483870967741936
156 0.15384615384615385
157 0.1592356687898089
158 0.15822784810126583
159 0.15723270440251572
160 0.15625
161 0.15527950310559005
162 0.15432098765432098
163 0.15950920245398773
164 0.15853658536585366
165 0.15757575757575756
166 0.1566265060240964
167 0.15568862275449102
168 0.15476190476190477
169 0.15384615384615385
170 0.1588235294117647
171 0.15789473684210525
172 0.1569767441860465
173 0.15606936416184972
174 0.15517241379310345
175 0.16
176 0.1590909090909091
177 0.15819209039548024
178 0.15730337078651685
179 0.16201117318435754
180 0.16111111111111112
181 0.16022099447513813
182 0.15934065934065933
183 0.15846994535519127
184 0.16304347826086957
185 0.16216216216216217
186 0.16129032258064516
187 0.16042780748663102
188 0.1595744680851064
189 0.164021164021164
190 0.1631578947368421
191 0.16230366492146597
192 0.16145833333333334
193 0.16062176165803108
194 0.15979381443298968
195 0.15897435897435896
196 0.15816326530612246
197 0.16243654822335024
198 0.16161616161616163
199 0.16080402010050251
200 0.16
201 0.15920398009950248
202 0.16336633663366337
203 0.1625615763546798
204 0.16176470588235295
205 0.16097560975609757
206 0.1650485436893204
207 0.1642512077294686
208 0.16346153846153846
209 0.16267942583732056
210 0.1619047619047619
211 0.16587677725118483
212 0.1650943396226415
213 0.1643192488262911
214 0.16355140186915887
215 0.16744186046511628
216 0.16666666666666666
217 0.16589861751152074
218 0.1651376146788991
219 0.1643835616438356
220 0.16363636363636364
221 0.16289592760180996
222 0.16216216216216217
223 0.16591928251121077
224 0.16517857142857142
225 0.16444444444444445
226 0.16371681415929204
227 0.16299559471365638
228 0.16666666666666666
229 0.16593886462882096
230 0.16521739130434782
231 0.1645021645021645
232 0.16810344827586207
233 0.16738197424892703
234 0.16666666666666666
235 0.16595744680851063
236 0.1694915254237288
237 0.16877637130801687
238 0.16806722689075632
239 0.16736401673640167
240 0.16666666666666666
241 0.17012448132780084
242 0.16942148760330578
243 0.16872427983539096
244 0.1680327868852459
245 0.1673469387755102
246 0.16666666666666666
247 0.1700404858299595
248 0.1693548387096774
249 0.1686746987951807
250 0.168
251 0.16733067729083664
252 0.16666666666666666
253 0.16600790513833993
254 0.16929133858267717
255 0.16862745098039217
256 0.16796875
257 0.16731517509727625
258 0.17054263565891473
259 0.16988416988416988
260 0.16923076923076924
261 0.1685823754789272
262 0.16793893129770993
263 0.17110266159695817
264 0.17045454545454544
265 0.16981132075471697
266 0.16917293233082706
267 0.17228464419475656
268 0.17164179104477612
269 0.17100371747211895
270 0.17037037037037037
271 0.16974169741697417
272 0.17279411764705882
273 0.17216117216117216
274 0.17153284671532848
275 0.1709090909090909
276 0.17028985507246377
277 0.16967509025270758
278 0.16906474820143885
279 0.16845878136200718
280 0.17142857142857143
281 0.1708185053380783
282 0.1702127659574468
283 0.1696113074204947
284 0.16901408450704225
285 0.17192982456140352
286 0.17132867132867133
287 0.17073170731707318
288 0.1701388888888889
289 0.17301038062283736
290 0.1724137931034483
291 0.1718213058419244
292 0.17123287671232876
293 0.17064846416382254
294 0.17346938775510204
295 0.17288135593220338
296 0.17229729729729729
297 0.1717171717171717
298 0.174496644295302
299 0.17391304347826086
300 0.17333333333333334
301 0.17275747508305647
302 0.17218543046357615
303 0.1716171617161716
304 0.17105263157894737
305 0.17049180327868851
306 0.17320261437908496
307 0.17263843648208468
308 0.17207792207792208
309 0.1715210355987055
310 0.17096774193548386
311 0.17363344051446947
312 0.17307692307692307
313 0.17252396166134185
314 0.17197452229299362
315 0.1746031746031746
316 0.17405063291139242
317 0.17350157728706625
318 0.17295597484276728
319 0.1724137931034483
320 0.175
321 0.17445482866043613
322 0.17391304347826086
323 0.17337461300309598
324 0.17592592592592593
325 0.1753846153846154
326 0.17484662576687116
327 0.1743119266055046
328 0.17378048780487804
329 0.17325227963525835
330 0.17272727272727273
331 0.17522658610271905
332 0.1746987951807229
333 0.17417417417417416
334 0.17365269461077845
335 0.17313432835820897
336 0.17261904761904762
337 0.17507418397626112
338 0.17455621301775148
339 0.17404129793510326
340 0.17352941176470588
341 0.17595307917888564
342 0.17543859649122806
343 0.1749271137026239
344 0.1744186046511628
345 0.17391304347826086
346 0.17630057803468208
347 0.17579250720461095
348 0.1752873563218391
349 0.17478510028653296
350 0.17714285714285713
351 0.17663817663817663
352 0.17613636363636365
353 0.17563739376770537
354 0.1751412429378531
355 0.17464788732394365
356 0.17696629213483145
357 0.17647058823529413
358 0.17597765363128492
359 0.17548746518105848
360 0.175
361 0.1745152354570637
362 0.17403314917127072
363 0.1763085399449036
364 0.17582417582417584
365 0.17534246575342466
366 0.17486338797814208
367 0.17438692098092642
368 0.1766304347826087
369 0.17615176151761516
370 0.17567567567567569
371 0.1752021563342318
372 0.1774193548387097
373 0.1769436997319035
374 0.17647058823529413
375 0.176
376 0.17819148936170212
377 0.17771883289124668
378 0.17724867724867724
379 0.17678100263852242
380 0.1763157894736842
381 0.1784776902887139
382 0.17801047120418848
383 0.17754569190600522
384 0.17708333333333334
385 0.17662337662337663
386 0.17616580310880828
387 0.17571059431524547
388 0.17525773195876287
389 0.17480719794344474
390 0.17435897435897435
391 0.17391304347826086
392 0.1760204081632653
393 0.17557251908396945
394 0.1751269035532995
395 0.17468354430379746
396 0.17424242424242425
397 0.17380352644836272
398 0.17336683417085427
399 0.17293233082706766
400 0.1725
401 0.1745635910224439
402 0.17412935323383086
403 0.17369727047146402
404 0.17326732673267325
405 0.17530864197530865
406 0.1748768472906404
407 0.17444717444717445
408 0.17401960784313725
409 0.17603911980440098
410 0.17560975609756097
411 0.17518248175182483
412 0.17475728155339806
413 0.17433414043583534
414 0.17632850241545894
415 0.17590361445783131
416 0.17548076923076922
417 0.1750599520383693
418 0.17703349282296652
419 0.1766109785202864
420 0.1761904761904762
421 0.17577197149643706
422 0.17535545023696683
423 0.17494089834515367
424 0.17452830188679244
425 0.17411764705882352
426 0.176056338028169
427 0.1756440281030445
428 0.17523364485981308
429 0.17482517482517482
430 0.1744186046511628
431 0.17633410672853828
432 0.17592592592592593
433 0.17551963048498845
434 0.17511520737327188
435 0.17701149425287357
436 0.17660550458715596
437 0.17620137299771166
438 0.17579908675799086
439 0.1776765375854214
440 0.17727272727272728
441 0.17687074829931973
442 0.17647058823529413
443 0.17607223476297967
444 0.17792792792792791
445 0.17752808988764046
446 0.17713004484304934
447 0.1767337807606264
448 0.17633928571428573
449 0.1759465478841871
450 0.17555555555555555
451 0.17516629711751663
452 0.17699115044247787
453 0.17660044150110377
454 0.1762114537444934
455 0.17582417582417584
456 0.17763157894736842
457 0.1772428884026258
458 0.17685589519650655
459 0.17647058823529413
460 0.1782608695652174
461 0.17787418655097614
462 0.1774891774891775
463 0.1771058315334773
464 0.17672413793103448
465 0.17849462365591398
466 0.1781115879828326
467 0.1777301927194861
468 0.17735042735042736
469 0.1791044776119403
470 0.17872340425531916
471 0.17834394904458598
472 0.17796610169491525
473 0.17758985200845667
474 0.17721518987341772
475 0.17684210526315788
476 0.17647058823529413
477 0.17819706498951782
478 0.17782426778242677
479 0.17745302713987474
480 0.17708333333333334
481 0.17671517671517672
482 0.17842323651452283
483 0.17805383022774326
484 0.17768595041322313
485 0.177319587628866
486 0.17901234567901234
487 0.17864476386036962
488 0.17827868852459017
489 0.17791411042944785
490 0.17959183673469387
491 0.17922606924643583
492 0.17886178861788618
493 0.17849898580121704
494 0.17813765182186234
495 0.1797979797979798
496 0.17943548387096775
497 0.1790744466800805
498 0.178714859437751
499 0.17835671342685372
500 0.178
501 0.17964071856287425
502 0.17928286852589642
503 0.17892644135188868
504 0.17857142857142858
505 0.1782178217821782
506 0.17786561264822134
507 0.1794871794871795
508 0.17913385826771652
509 0.1787819253438114
510 0.1784313725490196
511 0.18003913894324852
512 0.1796875
513 0.1793372319688109
514 0.17898832684824903
515 0.1786407766990291
516 0.18023255813953487
517 0.17988394584139264
518 0.17953667953667954
519 0.1791907514450867
520 0.18076923076923077
521 0.18042226487523993
522 0.18007662835249041
523 0.17973231357552583
524 0.17938931297709923
525 0.17904761904761904
526 0.1806083650190114
527 0.18026565464895636
528 0.17992424242424243
529 0.17958412098298676
530 0.1792452830188679
531 0.17890772128060264
532 0.17857142857142858
533 0.17823639774859287
534 0.17790262172284643
535 0.17757009345794392
536 0.1791044776119403
537 0.1787709497206704
538 0.17843866171003717
539 0.17810760667903525
540 0.17962962962962964
541 0.17929759704251386
542 0.17896678966789667
543 0.17863720073664824
544 0.1801470588235294
545 0.1798165137614679
546 0.1794871794871795
547 0.17915904936014626
548 0.17883211678832117
549 0.18032786885245902
550 0.18
551 0.17967332123411978
552 0.1793478260869565
553 0.18083182640144665
554 0.18050541516245489
555 0.18018018018018017
556 0.17985611510791366
557 0.17953321364452424
558 0.17921146953405018
559 0.17889087656529518
560 0.17857142857142858
561 0.1800356506238859
562 0.1797153024911032
563 0.17939609236234458
564 0.17907801418439717
565 0.17876106194690267
566 0.18021201413427562
567 0.17989417989417988
568 0.1795774647887324
569 0.17926186291739896
570 0.18070175438596492
571 0.18038528896672504
572 0.18006993006993008
573 0.17975567190226877
574 0.18118466898954705
575 0.1808695652173913
576 0.18055555555555555
577 0.18024263431542462
578 0.18166089965397925
579 0.18134715025906736
580 0.1810344827586207
581 0.18072289156626506
582 0.18041237113402062
583 0.18010291595197256
584 0.1797945205479452
585 0.1794871794871795
586 0.18088737201365188
587 0.18057921635434412
588 0.18027210884353742
589 0.1799660441426146
590 0.17966101694915254
591 0.18104906937394247
592 0.18074324324324326
593 0.18043844856661045
594 0.18013468013468015
595 0.1815126050420168
596 0.18120805369127516
597 0.18090452261306533
598 0.1806020066889632
599 0.18196994991652754
600 0.18166666666666667
601 0.18136439267886856
602 0.18106312292358803
603 0.18076285240464346
604 0.18211920529801323
605 0.18181818181818182
606 0.18151815181518152
607 0.1812191103789127
608 0.18092105263157895
609 0.180623973727422
610 0.18032786885245902
611 0.18166939443535188
612 0.18137254901960784
613 0.18107667210440456
614 0.18078175895765472
615 0.18048780487804877
616 0.18181818181818182
617 0.18152350081037277
618 0.18122977346278318
619 0.18093699515347333
620 0.18225806451612903
621 0.1819645732689211
622 0.18167202572347266
623 0.18138041733547353
624 0.18108974358974358
625 0.1824
626 0.18210862619808307
627 0.18181818181818182
628 0.18152866242038215
629 0.18282988871224165
630 0.18253968253968253
631 0.18225039619651348
632 0.1819620253164557
633 0.18167456556082148
634 0.18138801261829654
635 0.18110236220472442
636 0.18238993710691823
637 0.18210361067503925
638 0.18181818181818182
639 0.18153364632237873
640 0.18125
641 0.18252730109204368
642 0.1822429906542056
643 0.18195956454121306
644 0.18167701863354038
645 0.18294573643410852
646 0.1826625386996904
647 0.18238021638330756
648 0.18209876543209877
649 0.18181818181818182
650 0.18307692307692308
651 0.1827956989247312
652 0.18251533742331288
653 0.18223583460949463
654 0.1834862385321101
655 0.183206106870229
656 0.18292682926829268
657 0.182648401826484
658 0.182370820668693
659 0.18209408194233687
660 0.18181818181818182
661 0.18305597579425115
662 0.18277945619335348
663 0.18250377073906485
664 0.1822289156626506
665 0.18195488721804512
666 0.1816816816816817
667 0.18140929535232383
668 0.18113772455089822
669 0.18086696562032886
670 0.18208955223880596
671 0.18181818181818182
672 0.18154761904761904
673 0.1812778603268945
674 0.1824925816023739
675 0.18222222222222223
676 0.1819526627218935
677 0.18168389955686853
678 0.18141592920353983
679 0.18262150220913106
680 0.18235294117647058
681 0.18208516886930984
682 0.18181818181818182
683 0.18301610541727673
684 0.1827485380116959
685 0.18248175182481752
686 0.18221574344023322
687 0.18340611353711792
688 0.18313953488372092
689 0.18287373004354138
690 0.1826086956521739
691 0.18234442836468887
692 0.18208092485549132
693 0.18181818181818182
694 0.18155619596541786
695 0.18273381294964028
696 0.1824712643678161
697 0.18220946915351507
698 0.1819484240687679
699 0.18168812589413447
700 0.18285714285714286
701 0.1825962910128388
702 0.18233618233618235
703 0.18349928876244664
704 0.18323863636363635
705 0.1829787234042553
706 0.18271954674220964
707 0.18246110325318246
708 0.18361581920903955
709 0.18335684062059238
710 0.18309859154929578
711 0.1828410689170183
712 0.18398876404494383
713 0.18373071528751753
714 0.18347338935574228
715 0.18321678321678322
716 0.1829608938547486
717 0.18270571827057183
718 0.18245125348189414
719 0.18219749652294853
720 0.18333333333333332
721 0.18307905686546463
722 0.18282548476454294
723 0.1825726141078838
724 0.18232044198895028
725 0.18344827586206897
726 0.18319559228650137
727 0.1829436038514443
728 0.18269230769230768
729 0.18381344307270234
730 0.18356164383561643
731 0.18331053351573187
732 0.1830601092896175
733 0.18417462482946795
734 0.18392370572207084
735 0.1836734693877551
736 0.18342391304347827
737 0.18317503392130258
738 0.1842818428184282
739 0.18403247631935046
740 0.1837837837837838
741 0.18353576248313092
742 0.18328840970350405
743 0.18304172274562583
744 0.1827956989247312
745 0.18389261744966443
746 0.1836461126005362
747 0.18340026773761714
748 0.18315508021390375
749 0.1829105473965287
750 0.184
751 0.18375499334221038
752 0.18351063829787234
753 0.18326693227091634
754 0.1843501326259947
755 0.18410596026490067
756 0.18386243386243387
757 0.18361955085865259
758 0.18469656992084432
759 0.1844532279314888
760 0.18421052631578946
761 0.18396846254927726
762 0.1837270341207349
763 0.18479685452162517
764 0.18455497382198952
765 0.1843137254901961
766 0.18407310704960836
767 0.18383311603650587
768 0.18359375
769 0.18335500650195058
770 0.18441558441558442
771 0.18417639429312582
772 0.18393782383419688
773 0.18369987063389392
774 0.1834625322997416
775 0.18451612903225806
776 0.18427835051546393
777 0.18404118404118405
778 0.18380462724935734
779 0.18485237483953787
780 0.18461538461538463
781 0.18437900128040974
782 0.18414322250639387
783 0.18518518518518517
784 0.18494897959183673
785 0.18471337579617833
786 0.18447837150127228
787 0.18424396442185514
788 0.18527918781725888
789 0.1850443599493029
790 0.1848101265822785
791 0.1845764854614412
792 0.18434343434343434
793 0.1841109709962169
794 0.18387909319899245
795 0.18490566037735848
796 0.18467336683417085
797 0.18444165621079048
798 0.18421052631578946
799 0.18397997496871088
800 0.185
801 0.18476903870162298
802 0.18453865336658354
803 0.1843088418430884
804 0.18407960199004975
805 0.18509316770186335
806 0.184863523573201
807 0.18463444857496902
808 0.1844059405940594
809 0.1841779975278121
810 0.18395061728395062
811 0.18495684340320592
812 0.18472906403940886
813 0.18450184501845018
814 0.18427518427518427
815 0.18404907975460122
816 0.18504901960784315
817 0.18482252141982863
818 0.1845965770171149
819 0.18437118437118438
820 0.18414634146341463
821 0.1851400730816078
822 0.18491484184914841
823 0.18469015795868773
824 0.18446601941747573
825 0.18424242424242424
826 0.18401937046004843
827 0.1837968561064087
828 0.18478260869565216
829 0.18455971049457176
830 0.18433734939759036
831 0.18411552346570398
832 0.18389423076923078
833 0.18487394957983194
834 0.18465227817745802
835 0.1844311377245509
836 0.18421052631578946
837 0.18518518518518517
838 0.18496420047732698
839 0.18474374255065554
840 0.18452380952380953
841 0.18549346016646848
842 0.18527315914489312
843 0.18505338078291814
844 0.1848341232227488
845 0.18461538461538463
846 0.18557919621749408
847 0.18536009445100354
848 0.18514150943396226
849 0.18492343934040048
850 0.18470588235294116
851 0.1844888366627497
852 0.18427230046948356
853 0.18405627198124266
854 0.18501170960187355
855 0.1847953216374269
856 0.18457943925233644
857 0.18436406067677946
858 0.1853146853146853
859 0.1850989522700815
860 0.18488372093023256
861 0.18466898954703834
862 0.18561484918793503
863 0.1853997682502897
864 0.18518518518518517
865 0.18497109826589594
866 0.1859122401847575
867 0.18569780853517878
868 0.18548387096774194
869 0.1852704257767549
870 0.1850574712643678
871 0.1859931113662457
872 0.18577981651376146
873 0.18556701030927836
874 0.1853546910755149
875 0.18514285714285714
876 0.18493150684931506
877 0.1847206385404789
878 0.1845102505694761
879 0.18543799772468714
880 0.18522727272727274
881 0.18501702610669693
882 0.18480725623582767
883 0.1857304643261608
884 0.18552036199095023
885 0.18531073446327684
886 0.18510158013544017
887 0.18602029312288612
888 0.1858108108108108
889 0.1856017997750281
890 0.1853932584269663
891 0.18518518518518517
892 0.1860986547085202
893 0.1858902575587906
894 0.18568232662192394
895 0.18547486033519553
896 0.18638392857142858
897 0.18617614269788182
898 0.18596881959910913
899 0.185761957730812
900 0.18555555555555556
901 0.1853496115427303
902 0.18514412416851442
903 0.1849390919158361
904 0.18584070796460178
905 0.1856353591160221
906 0.18543046357615894
907 0.185226019845645
908 0.18612334801762115
909 0.1859185918591859
910 0.18571428571428572
911 0.18551042810098792
912 0.18640350877192982
913 0.18619934282584885
914 0.18599562363238512
915 0.18579234972677597
916 0.185589519650655
917 0.18647764449291168
918 0.18627450980392157
919 0.18607181719260066
920 0.1858695652173913
921 0.18675352877307275
922 0.18655097613882862
923 0.18634886240520043
924 0.18614718614718614
925 0.18594594594594593
926 0.1857451403887689
927 0.1855447680690399
928 0.1853448275862069
929 0.18622174381054898
930 0.1860215053763441
931 0.1858216970998926
932 0.18562231759656653
933 0.1864951768488746
934 0.18629550321199143
935 0.18609625668449198
936 0.1858974358974359
937 0.18676627534685167
938 0.1865671641791045
939 0.18636847710330137
940 0.18617021276595744
941 0.18597236981934112
942 0.18683651804670912
943 0.18663838812301167
944 0.1864406779661017
945 0.18624338624338624
946 0.18710359408033828
947 0.18690601900739176
948 0.18670886075949367
949 0.18651211801896733
950 0.1863157894736842
951 0.1861198738170347
952 0.18592436974789917
953 0.18572927597061908
954 0.18553459119496854
955 0.18638743455497384
956 0.18619246861924685
957 0.18599791013584116
958 0.18580375782881003
959 0.18561001042752867
960 0.18541666666666667
961 0.186264308012487
962 0.18607068607068608
963 0.18587746625129803
964 0.18568464730290457
965 0.18652849740932642
966 0.18633540372670807
967 0.18614270941054809
968 0.1859504132231405
969 0.18575851393188855
970 0.1865979381443299
971 0.18640576725025745
972 0.18621399176954734
973 0.18602261048304214
974 0.1868583162217659
975 0.18666666666666668
976 0.1864754098360656
977 0.1862845445240532
978 0.18609406952965235
979 0.18590398365679264
980 0.186734693877551
981 0.18654434250764526
982 0.18635437881873726
983 0.1861648016276704
984 0.18597560975609756
985 0.18578680203045686
986 0.18661257606490872
987 0.18642350557244175
988 0.1862348178137652
989 0.18604651162790697
990 0.18686868686868688
991 0.18668012108980828
992 0.18649193548387097
993 0.1863041289023162
994 0.18611670020120724
995 0.18693467336683417
996 0.18674698795180722
997 0.18655967903711135
998 0.18637274549098196
999 0.1871871871871872
1000 0.187
1001 0.18681318681318682
1002 0.18662674650698602
1003 0.1864406779661017
1004 0.18625498007968128
1005 0.18706467661691542
1006 0.18687872763419483
1007 0.18669314796425024
1008 0.1865079365079365
1009 0.1863230921704658
1010 0.18613861386138614
1011 0.18694362017804153
1012 0.18675889328063242
1013 0.18657453109575517
1014 0.1863905325443787
1015 0.18719211822660098
1016 0.18700787401574803
1017 0.18682399213372664
1018 0.18664047151277013
1019 0.18645731108930325
1020 0.18725490196078431
1021 0.18707149853085211
1022 0.18688845401174167
1023 0.18670576735092864
1024 0.1875
1025 0.1873170731707317
1026 0.1871345029239766
1027 0.186952288218111
1028 0.1867704280155642
1029 0.18658892128279883
1030 0.18737864077669902
1031 0.1871968962172648
1032 0.187015503875969
1033 0.1868344627299129
1034 0.18665377176015474
1035 0.18647342995169083
1036 0.18725868725868725
1037 0.1870781099324976
1038 0.18689788053949905
1039 0.1867179980750722
1040 0.1875
1041 0.1873198847262248
1042 0.1871401151631478
1043 0.186960690316395
1044 0.1867816091954023
1045 0.1875598086124402
1046 0.18738049713193117
1047 0.1872015281757402
1048 0.18702290076335878
1049 0.18779790276453764
1050 0.18761904761904763
1051 0.1874405328258801
1052 0.18726235741444866
1053 0.18708452041785376
1054 0.1869070208728653
1055 0.1876777251184834
1056 0.1875
1057 0.18732261116367077
1058 0.18714555765595464
1059 0.18696883852691218
1060 0.18679245283018867
1061 0.1875589066918002
1062 0.1873822975517891
1063 0.187206020696143
1064 0.18703007518796994
1065 0.18685446009389672
1066 0.18761726078799248
1067 0.18744142455482662
1068 0.18726591760299627
1069 0.18709073900841908
1070 0.18785046728971963
1071 0.1876750700280112
1072 0.1875
1073 0.18732525629077354
1074 0.18808193668528864
1075 0.18790697674418605
1076 0.18773234200743494
1077 0.18755803156917364
1078 0.18738404452690166
1079 0.1872103799814643
1080 0.18796296296296297
1081 0.1877890841813136
1082 0.1876155268022181
1083 0.18744228993536471
1084 0.18726937269372693
1085 0.1870967741935484
1086 0.1869244935543278
1087 0.18675252989880406
1088 0.18658088235294118
1089 0.18640955004591367
1090 0.1871559633027523
1091 0.18698441796516957
1092 0.18681318681318682
1093 0.18664226898444647
1094 0.18738574040219377
1095 0.1872146118721461
1096 0.18704379562043796
1097 0.18687329079307202
1098 0.18761384335154827
1099 0.18744313011828936
1100 0.18727272727272729
1101 0.18710263396911897
1102 0.1869328493647913
1103 0.18766999093381687
1104 0.1875
