10 0.1
11 0.09090909090909091
12 0.08333333333333333
13 0.07692307692307693
14 0.07142857142857142
15 0.06666666666666667
16 0.0625
17 0.058823529411764705
18 0.05555555555555555
19 0.05263157894736842
20 0.05
21 0.09523809523809523
22 0.09090909090909091
23 0.08695652173913043
24 0.08333333333333333
25 0.08
26 0.07692307692307693
27 0.07407407407407407
28 0.07142857142857142
29 0.06896551724137931
30 0.06666666666666667
31 0.06451612903225806
32 0.09375
33 0.09090909090909091
34 0.08823529411764706
35 0.08571428571428572
36 0.08333333333333333
37 0.08108108108108109
38 0.10526315789473684
39 0.10256410256410256
40 0.1
41 0.0975609756097561
42 0.09523809523809523
43 0.09302325581395349
44 0.11363636363636363
45 0.1111111111111111
46 0.10869565217391304
47 0.10638297872340426
48 0.10416666666666667
49 0.10204081632653061
50 0.12
51 0.11764705882352941
52 0.11538461538461539
53 0.11320754716981132
54 0.1111111111111111
55 0.10909090909090909
56 0.125
57 0.12280701754385964
58 0.1206896551724138
59 0.11864406779661017
60 0.11666666666666667
61 0.13114754098360656
62 0.12903225806451613
63 0.12698412698412698
64 0.125
65 0.12307692307692308
66 0.12121212121212122
67 0.13432835820895522
68 0.1323529411764706
69 0.13043478260869565
70 0.12857142857142856
71 0.1267605633802817
72 0.1388888888888889
73 0.136986301369863
74 0.13513513513513514
75 0.13333333333333333
76 0.13157894736842105
77 0.12987012987012986
78 0.14102564102564102
79 0.13924050632911392
80 0.1375
81 0.13580246913580246
82 0.13414634146341464
83 0.14457831325301204
84 0.14285714285714285
85 0.1411764705882353
86 0.13953488372093023
87 0.13793103448275862
88 0.14772727272727273
89 0.14606741573033707
90 0.14444444444444443
91 0.14285714285714285
92 0.14130434782608695
93 0.13978494623655913
94 0.14893617021276595
95 0.14736842105263157
96 0.14583333333333334
97 0.14432989690721648
98 0.14285714285714285
99 0.1414141414141414
100 0.14
101 0.13861386138613863
102 0.13725490196078433
103 0.13592233009708737
104 0.1346153846153846
105 0.13333333333333333
106 0.14150943396226415
107 0.14018691588785046
108 0.1388888888888889
109 0.13761467889908258
110 0.13636363636363635
111 0.14414414414414414
112 0.14285714285714285
113 0.1415929203539823
114 0.14035087719298245
115 0.1391304347826087
116 0.14655172413793102
117 0.1452991452991453
118 0.1440677966101695
119 0.14285714285714285
120 0.15
121 0.1487603305785124
122 0.14754098360655737
123 0.14634146341463414
124 0.14516129032258066
125 0.152
126 0.15079365079365079
127 0.14960629921259844
128 0.1484375
129 0.14728682170542637
130 0.15384615384615385
131 0.15267175572519084
132 0.15151515151515152
133 0.15037593984962405
134 0.14925373134328357
135 0.14814814814814814
136 0.14705882352941177
137 0.145985401459854
138 0.15217391304347827
139 0.1510791366906475
140 0.15
141 0.14893617021276595
142 0.14788732394366197
143 0.15384615384615385
144 0.1527777777777778
145 0.15172413793103448
146 0.1506849315068493
147 0.14965986394557823
148 0.1554054054054054
149 0.15436241610738255
150 0.15333333333333332
151 0.152317880794702
152 0.15789473684210525
153 0.1568627450980392
154 0.15584415584415584
155 0.15483870967741936
156 0.15384615384615385
157 0.1592356687898089
158 0.15822784810126583
159 0.15723270440251572
160 0.15625
161 0.15527950310559005
162 0.15432098765432098
163 0.15950920245398773
164 0.15853658536585366
165 0.15757575757575756
166 0.1566265060240964
167 0.15568862275449102
168 0.15476190476190477
169 0.15384615384615385
170 0.1588235294117647
171 0.15789473684210525
172 0.1569767441860465
173 0.15606936416184972
174 0.15517241379310345
175 0.16
176 0.1590909090909091
177 0.15819209039548024
178 0.15730337078651685
179 0.16201117318435754
180 0.16111111111111112
181 0.16022099447513813
182 0.15934065934065933
183 0.15846994535519127
184 0.16304347826086957
185 0.16216216216216217
186 0.16129032258064516
187 0.16042780748663102
188 0.1595744680851064
189 0.164021164021164
190 0.1631578947368421
191 0.16230366492146597
192 0.16145833333333334
193 0.16062176165803108
194 0.15979381443298968
195 0.15897435897435896
196 0.15816326530612246
197 0.16243654822335024
198 0.16161616161616163
199 0.16080402010050251
200 0.16
201 0.15920398009950248
202 0.16336633663366337
203 0.1625615763546798
204 0.16176470588235295
205 0.16097560975609757
206 0.1650485436893204
207 0.1642512077294686
208 0.16346153846153846
209 0.16267942583732056
210 0.1619047619047619
211 0.16587677725118483
212 0.1650943396226415
213 0.1643192488262911
214 0.16355140186915887
215 0.16744186046511628
216 0.16666666666666666
217 0.16589861751152074
218 0.1651376146788991
219 0.1643835616438356
220 0.16363636363636364
221 0.16289592760180996
222 0.16216216216216217
223 0.16591928251121077
224 0.16517857142857142
225 0.16444444444444445
226 0.16371681415929204
227 0.16299559471365638
228 0.16666666666666666
229 0.16593886462882096
230 0.16521739130434782
231 0.1645021645021645
232 0.16810344827586207
233 0.16738197424892703
234 0.16666666666666666
235 0.16595744680851063
236 0.1694915254237288
237 0.16877637130801687
238 0.16806722689075632
239 0.16736401673640167
240 0.16666666666666666
241 0.17012448132780084
242 0.16942148760330578
243 0.16872427983539096
244 0.1680327868852459
245 0.1673469387755102
246 0.16666666666666666
247 0.1700404858299595
248 0.1693548387096774
249 0.1686746987951807
250 0.168
251 0.16733067729083664
252 0.16666666666666666
253 0.16600790513833993
254 0.16929133858267717
255 0.16862745098039217
256 0.16796875
257 0.16731517509727625
258 0.17054263565891473
259 0.16988416988416988
260 0.16923076923076924
261 0.1685823754789272
262 0.16793893129770993
263 0.17110266159695817
264 0.17045454545454544
265 0.16981132075471697
266 0.16917293233082706
267 0.17228464419475656
268 0.17164179104477612
269 0.17100371747211895
270 0.17037037037037037
271 0.16974169741697417
272 0.17279411764705882
273 0.17216117216117216
274 0.17153284671532848
275 0.1709090909090909
276 0.17028985507246377
277 0.16967509025270758
278 0.16906474820143885
279 0.16845878136200718
280 0.17142857142857143
281 0.1708185053380783
282 0.1702127659574468
283 0.1696113074204947
284 0.16901408450704225
285 0.17192982456140352
286 0.17132867132867133
287 0.17073170731707318
288 0.1701388888888889
289 0.17301038062283736
290 0.1724137931034483
291 0.1718213058419244
292 0.17123287671232876
293 0.17064846416382254
294 0.17346938775510204
295 0.17288135593220338
296 0.17229729729729729
297 0.1717171717171717
298 0.174496644295302
299 0.17391304347826086
300 0.17333333333333334
301 0.17275747508305647
302 0.17218543046357615
303 0.1716171617161716
304 0.17105263157894737
305 0.17049180327868851
306 0.17320261437908496
307 0.17263843648208468
308 0.17207792207792208
309 0.1715210355987055
310 0.17096774193548386
311 0.17363344051446947
312 0.17307692307692307
313 0.17252396166134185
314 0.17197452229299362
315 0.1746031746031746
316 0.17405063291139242
317 0.17350157728706625
318 0.17295597484276728
319 0.1724137931034483
320 0.175
321 0.17445482866043613
322 0.17391304347826086
323 0.17337461300309598
324 0.17592592592592593
325 0.1753846153846154
326 0.17484662576687116
327 0.1743119266055046
328 0.17378048780487804
329 0.17325227963525835
330 0.17272727272727273
331 0.17522658610271905
332 0.1746987951807229
333 0.17417417417417416
334 0.17365269461077845
335 0.17313432835820897
336 0.17261904761904762
337 0.17507418397626112
338 0.17455621301775148
339 0.17404129793510326
340 0.17352941176470588
341 0.17595307917888564
342 0.17543859649122806
343 0.1749271137026239
344 0.1744186046511628
345 0.17391304347826086
346 0.17630057803468208
347 0.17579250720461095
348 0.1752873563218391
349 0.17478510028653296
350 0.17714285714285713
351 0.17663817663817663
352 0.17613636363636365
353 0.17563739376770537
354 0.1751412429378531
355 0.17464788732394365
356 0.17696629213483145
357 0.17647058823529413
358 0.17597765363128492
359 0.17548746518105848
360 0.175
361 0.1745152354570637
362 0.17403314917127072
363 0.1763085399449036
364 0.17582417582417584
365 0.17534246575342466
366 0.17486338797814208
367 0.17438692098092642
368 0.1766304347826087
369 0.17615176151761516
370 0.17567567567567569
371 0.1752021563342318
372 0.1774193548387097
373 0.1769436997319035
374 0.17647058823529413
375 0.176
376 0.17819148936170212
377 0.17771883289124668
378 0.17724867724867724
379 0.17678100263852242
380 0.1763157894736842
381 0.1784776902887139
382 0.17801047120418848
383 0.17754569190600522
384 0.17708333333333334
385 0.17662337662337663
386 0.17616580310880828
387 0.17571059431524547
388 0.17525773195876287
389 0.17480719794344474
390 0.17435897435897435
391 0.17391304347826086
392 0.1760204081632653
393 0.17557251908396945
394 0.1751269035532995
395 0.17468354430379746
396 0.17424242424242425
397 0.17380352644836272
398 0.17336683417085427
399 0.17293233082706766
400 0.1725
401 0.1745635910224439
402 0.17412935323383086
403 0.17369727047146402
404 0.17326732673267325
405 0.17530864197530865
406 0.1748768472906404
407 0.17444717444717445
408 0.17401960784313725
409 0.17603911980440098
410 0.17560975609756097
411 0.17518248175182483
412 0.17475728155339806
413 0.17433414043583534
414 0.17632850241545894
415 0.17590361445783131
416 0.17548076923076922
417 0.1750599520383693
418 0.17703349282296652
419 0.1766109785202864
420 0.1761904761904762
421 0.17577197149643706
422 0.17535545023696683
423 0.17494089834515367
424 0.17452830188679244
425 0.17411764705882352
426 0.176056338028169
427 0.1756440281030445
428 0.17523364485981308
429 0.17482517482517482
430 0.1744186046511628
431 0.17633410672853828
432 0.17592592592592593
433 0.17551963048498845
434 0.17511520737327188
435 0.17701149425287357
436 0.17660550458715596
437 0.17620137299771166
438 0.17579908675799086
439 0.1776765375854214
440 0.17727272727272728
441 0.17687074829931973
442 0.17647058823529413
443 0.17607223476297967
444 0.17792792792792791
445 0.17752808988764046
446 0.17713004484304934
447 0.1767337807606264
448 0.17633928571428573
449 0.1759465478841871
450 0.17555555555555555
451 0.17516629711751663
452 0.17699115044247787
453 0.17660044150110377
454 0.1762114537444934
455 0.17582417582417584
456 0.17763157894736842
457 0.1772428884026258
458 0.17685589519650655
459 0.17647058823529413
460 0.1782608695652174
461 0.17787418655097614
462 0.1774891774891775
463 0.1771058315334773
464 0.17672413793103448
465 0.17849462365591398
466 0.1781115879828326
467 0.1777301927194861
468 0.17735042735042736
469 0.1791044776119403
470 0.17872340425531916
471 0.17834394904458598
472 0.17796610169491525
473 0.17758985200845667
474 0.17721518987341772
475 0.17684210526315788
476 0.17647058823529413
477 0.17819706498951782
478 0.17782426778242677
479 0.17745302713987474
480 0.17708333333333334
481 0.17671517671517672
482 0.17842323651452283
483 0.17805383022774326
484 0.17768595041322313
485 0.177319587628866
486 0.17901234567901234
487 0.17864476386036962
488 0.17827868852459017
489 0.17791411042944785
490 0.17959183673469387
491 0.17922606924643583
492 0.17886178861788618
493 0.17849898580121704
494 0.17813765182186234
495 0.1797979797979798
496 0.17943548387096775
497 0.1790744466800805
498 0.178714859437751
499 0.17835671342685372
500 0.178
501 0.17964071856287425
502 0.17928286852589642
503 0.17892644135188868
504 0.17857142857142858
505 0.1782178217821782
506 0.17786561264822134
507 0.1794871794871795
508 0.17913385826771652
509 0.1787819253438114
510 0.1784313725490196
511 0.18003913894324852
512 0.1796875
513 0.1793372319688109
514 0.17898832684824903
515 0.1786407766990291
516 0.18023255813953487
517 0.17988394584139264
518 0.17953667953667954
519 0.1791907514450867
520 0.18076923076923077
521 0.18042226487523993
522 0.18007662835249041
523 0.17973231357552583
524 0.17938931297709923
525 0.17904761904761904
526 0.1806083650190114
527 0.18026565464895636
528 0.17992424242424243
529 0.17958412098298676
530 0.1792452830188679
531 0.17890772128060264
532 0.17857142857142858
533 0.17823639774859287
534 0.17790262172284643
535 0.17757009345794392
536 0.1791044776119403
537 0.1787709497206704
538 0.17843866171003717
539 0.17810760667903525
540 0.17962962962962964
541 0.17929759704251386
542 0.17896678966789667
543 0.17863720073664824
544 0.1801470588235294
545 0.1798165137614679
546 0.1794871794871795
547 0.17915904936014626
548 0.17883211678832117
549 0.18032786885245902
550 0.18
551 0.17967332123411978
552 0.1793478260869565
553 0.18083182640144665
554 0.18050541516245489
555 0.18018018018018017
556 0.17985611510791366
557 0.17953321364452424
558 0.17921146953405018
559 0.17889087656529518
560 0.17857142857142858
561 0.1800356506238859
562 0.1797153024911032
563 0.17939609236234458
564 0.17907801418439717
565 0.17876106194690267
566 0.18021201413427562
567 0.17989417989417988
568 0.1795774647887324
569 0.17926186291739896
570 0.18070175438596492
571 0.18038528896672504
572 0.18006993006993008
573 0.17975567190226877
574 0.18118466898954705
575 0.1808695652173913
576 0.18055555555555555
577 0.18024263431542462
578 0.18166089965397925
579 0.18134715025906736
580 0.1810344827586207
581 0.18072289156626506
582 0.18041237113402062
583 0.18010291595197256
584 0.1797945205479452
585 0.1794871794871795
586 0.18088737201365188
587 0.18057921635434412
588 0.18027210884353742
589 0.1799660441426146
590 0.17966101694915254
591 0.18104906937394247
592 0.18074324324324326
593 0.18043844856661045
594 0.18013468013468015
595 0.1815126050420168
596 0.18120805369127516
597 0.18090452261306533
598 0.1806020066889632
599 0.18196994991652754
600 0.18166666666666667
601 0.18136439267886856
602 0.18106312292358803
603 0.18076285240464346
604 0.18211920529801323
605 0.18181818181818182
606 0.18151815181518152
607 0.1812191103789127
608 0.18092105263157895
609 0.180623973727422
610 0.18032786885245902
611 0.18166939443535188
612 0.18137254901960784
613 0.18107667210440456
614 0.18078175895765472
615 0.18048780487804877
616 0.18181818181818182
617 0.18152350081037277
618 0.18122977346278318
619 0.18093699515347333
620 0.18225806451612903
621 0.1819645732689211
622 0.18167202572347266
623 0.18138041733547353
624 0.18108974358974358
625 0.1824
626 0.18210862619808307
627 0.18181818181818182
628 0.18152866242038215
629 0.18282988871224165
630 0.18253968253968253
631 0.18225039619651348
632 0.1819620253164557
633 0.18167456556082148
634 0.18138801261829654
635 0.18110236220472442
636 0.18238993710691823
637 0.18210361067503925
638 0.18181818181818182
639 0.18153364632237873
640 0.18125
641 0.18252730109204368
642 0.1822429906542056
643 0.18195956454121306
644 0.18167701863354038
645 0.18294573643410852
646 0.1826625386996904
647 0.18238021638330756
648 0.18209876543209877
649 0.18181818181818182
650 0.18307692307692308
651 0.1827956989247312
652 0.18251533742331288
653 0.18223583460949463
654 0.1834862385321101
655 0.183206106870229
656 0.18292682926829268
657 0.182648401826484
658 0.182370820668693
659 0.18209408194233687
660 0.18181818181818182
661 0.18305597579425115
662 0.18277945619335348
663 0.18250377073906485
664 0.1822289156626506
665 0.18195488721804512
666 0.1816816816816817
667 0.18140929535232383
668 0.18113772455089822
669 0.18086696562032886
670 0.18208955223880596
671 0.18181818181818182
672 0.18154761904761904
673 0.1812778603268945
674 0.1824925816023739
675 0.18222222222222223
676 0.1819526627218935
677 0.18168389955686853
678 0.18141592920353983
679 0.18262150220913106
680 0.18235294117647058
681 0.18208516886930984
682 0.18181818181818182
683 0.18301610541727673
684 0.1827485380116959
685 0.18248175182481752
686 0.18221574344023322
687 0.18340611353711792
688 0.18313953488372092
689 0.18287373004354138
690 0.1826086956521739
691 0.18234442836468887
692 0.18208092485549132
693 0.18181818181818182
694 0.18155619596541786
695 0.18273381294964028
696 0.1824712643678161
697 0.18220946915351507
698 0.1819484240687679
699 0.18168812589413447
700 0.18285714285714286
701 0.1825962910128388
702 0.18233618233618235
703 0.18349928876244664
704 0.18323863636363635
705 0.1829787234042553
706 0.18271954674220964
707 0.18246110325318246
708 0.18361581920903955
709 0.18335684062059238
710 0.18309859154929578
711 0.1828410689170183
712 0.18398876404494383
713 0.18373071528751753
714 0.18347338935574228
715 0.18321678321678322
716 0.1829608938547486
717 0.18270571827057183
718 0.18245125348189414
719 0.18219749652294853
720 0.18333333333333332
721 0.18307905686546463
722 0.18282548476454294
723 0.1825726141078838
724 0.18232044198895028
725 0.18344827586206897
726 0.18319559228650137
727 0.1829436038514443
728 0.18269230769230768
729 0.18381344307270234
730 0.18356164383561643
731 0.18331053351573187
732 0.1830601092896175
733 0.18417462482946795
734 0.18392370572207084
735 0.1836734693877551
736 0.18342391304347827
737 0.18317503392130258
738 0.1842818428184282
739 0.18403247631935046
740 0.1837837837837838
741 0.18353576248313092
742 0.18328840970350405
743 0.18304172274562583
744 0.1827956989247312
745 0.18389261744966443
746 0.1836461126005362
747 0.18340026773761714
748 0.18315508021390375
749 0.1829105473965287
750 0.184
751 0.18375499334221038
752 0.18351063829787234
753 0.18326693227091634
754 0.1843501326259947
755 0.18410596026490067
756 0.18386243386243387
757 0.18361955085865259
758 0.18469656992084432
759 0.1844532279314888
760 0.18421052631578946
761 0.18396846254927726
762 0.1837270341207349
763 0.18479685452162517
764 0.18455497382198952
765 0.1843137254901961
766 0.18407310704960836
767 0.18383311603650587
768 0.18359375
769 0.18335500650195058
770 0.18441558441558442
771 0.18417639429312582
772 0.18393782383419688
773 0.18369987063389392
774 0.1834625322997416
775 0.18451612903225806
776 0.18427835051546393
777 0.18404118404118405
778 0.18380462724935734
779 0.18485237483953787
780 0.18461538461538463
781 0.18437900128040974
782 0.18414322250639387
783 0.18518518518518517
784 0.18494897959183673
785 0.18471337579617833
786 0.18447837150127228
787 0.18424396442185514
788 0.18527918781725888
789 0.1850443599493029
790 0.1848101265822785
791 0.1845764854614412
792 0.18434343434343434
793 0.1841109709962169
794 0.18387909319899245
795 0.18490566037735848
796 0.18467336683417085
797 0.18444165621079048
798 0.18421052631578946
799 0.18397997496871088
800 0.185
801 0.18476903870162298
802 0.18453865336658354
803 0.1843088418430884
804 0.18407960199004975
805 0.18509316770186335
806 0.184863523573201
807 0.18463444857496902
808 0.1844059405940594
809 0.1841779975278121
810 0.18395061728395062
811 0.18495684340320592
812 0.18472906403940886
813 0.18450184501845018
814 0.18427518427518427
815 0.18404907975460122
816 0.18504901960784315
817 0.18482252141982863
818 0.1845965770171149
819 0.18437118437118438
820 0.18414634146341463
821 0.1851400730816078
822 0.18491484184914841
823 0.18469015795868773
824 0.18446601941747573
825 0.18424242424242424
826 0.18401937046004843
827 0.1837968561064087
828 0.18478260869565216
829 0.18455971049457176
830 0.18433734939759036
831 0.18411552346570398
832 0.18389423076923078
833 0.18487394957983194
834 0.18465227817745802
835 0.1844311377245509
836 0.18421052631578946
837 0.18518518518518517
838 0.18496420047732698
839 0.18474374255065554
840 0.18452380952380953
841 0.18549346016646848
842 0.18527315914489312
843 0.18505338078291814
844 0.1848341232227488
845 0.18461538461538463
846 0.18557919621749408
847 0.18536009445100354
848 0.18514150943396226
849 0.18492343934040048
850 0.18470588235294116
851 0.1844888366627497
852 0.18427230046948356
853 0.18405627198124266
854 0.18501170960187355
855 0.1847953216374269
856 0.18457943925233644
857 0.18436406067677946
858 0.1853146853146853
859 0.1850989522700815
860 0.18488372093023256
861 0.18466898954703834
862 0.18561484918793503
863 0.1853997682502897
864 0.18518518518518517
865 0.18497109826589594
866 0.1859122401847575
867 0.18569780853517878
868 0.18548387096774194
869 0.1852704257767549
870 0.1850574712643678
871 0.1859931113662457
872 0.18577981651376146
873 0.18556701030927836
874 0.1853546910755149
875 0.18514285714285714
876 0.18493150684931506
877 0.1847206385404789
878 0.1845102505694761
879 0.18543799772468714
880 0.18522727272727274
881 0.18501702610669693
882 0.18480725623582767
883 0.1857304643261608
884 0.18552036199095023
885 0.18531073446327684
886 0.18510158013544017
887 0.18602029312288612
888 0.1858108108108108
889 0.1856017997750281
890 0.1853932584269663
891 0.18518518518518517
892 0.1860986547085202
893 0.1858902575587906
894 0.18568232662192394
895 0.18547486033519553
896 0.18638392857142858
897 0.18617614269788182
898 0.18596881959910913
899 0.185761957730812
900 0.18555555555555556
901 0.1853496115427303
902 0.18514412416851442
903 0.1849390919158361
904 0.18584070796460178
905 0.1856353591160221
906 0.18543046357615894
907 0.185226019845645
908 0.18612334801762115
909 0.1859185918591859
910 0.18571428571428572
911 0.18551042810098792
912 0.18640350877192982
913 0.18619934282584885
914 0.18599562363238512
915 0.18579234972677597
916 0.185589519650655
917 0.18647764449291168
918 0.18627450980392157
919 0.18607181719260066
920 0.1858695652173913
921 0.18675352877307275
922 0.18655097613882862
923 0.18634886240520043
924 0.18614718614718614
925 0.18594594594594593
926 0.1857451403887689
927 0.1855447680690399
928 0.1853448275862069
929 0.18622174381054898
930 0.1860215053763441
931 0.1858216970998926
932 0.18562231759656653
933 0.1864951768488746
934 0.18629550321199143
935 0.18609625668449198
936 0.1858974358974359
937 0.18676627534685167
938 0.1865671641791045
939 0.18636847710330137
940 0.18617021276595744
941 0.18597236981934112
942 0.18683651804670912
943 0.18663838812301167
944 0.1864406779661017
945 0.18624338624338624
946 0.18710359408033828
947 0.18690601900739176
948 0.18670886075949367
949 0.18651211801896733
950 0.1863157894736842
951 0.1861198738170347
952 0.18592436974789917
953 0.18572927597061908
954 0.18553459119496854
955 0.18638743455497384
956 0.18619246861924685
957 0.18599791013584116
958 0.18580375782881003
959 0.18561001042752867
960 0.18541666666666667
961 0.186264308012487
962 0.18607068607068608
963 0.18587746625129803
964 0.18568464730290457
965 0.18652849740932642
966 0.18633540372670807
967 0.18614270941054809
968 0.1859504132231405
969 0.18575851393188855
970 0.1865979381443299
971 0.18640576725025745
972 0.18621399176954734
973 0.18602261048304214
974 0.1868583162217659
975 0.18666666666666668
976 0.1864754098360656
977 0.1862845445240532
978 0.18609406952965235
979 0.18590398365679264
980 0.186734693877551
981 0.18654434250764526
982 0.18635437881873726
983 0.1861648016276704
984 0.18597560975609756
985 0.18578680203045686
986 0.18661257606490872
987 0.18642350557244175
988 0.1862348178137652
989 0.18604651162790697
990 0.18686868686868688
991 0.18668012108980828
992 0.18649193548387097
993 0.1863041289023162
994 0.18611670020120724
995 0.18693467336683417
996 0.18674698795180722
997 0.18655967903711135
998 0.18637274549098196
999 0.1871871871871872
1000 0.187
1001 0.18681318681318682
1002 0.18662674650698602
1003 0.1864406779661017
1004 0.18625498007968128
1005 0.18706467661691542
1006 0.18687872763419483
1007 0.18669314796425024
1008 0.1865079365079365
1009 0.1863230921704658
1010 0.18613861386138614
1011 0.18694362017804153
1012 0.18675889328063242
1013 0.18657453109575517
1014 0.1863905325443787
1015 0.18719211822660098
1016 0.18700787401574803
1017 0.18682399213372664
1018 0.18664047151277013
1019 0.18645731108930325
1020 0.18725490196078431
1021 0.18707149853085211
1022 0.18688845401174167
1023 0.18670576735092864
1024 0.1875
1025 0.1873170731707317
1026 0.1871345029239766
1027 0.186952288218111
1028 0.1867704280155642
1029 0.18658892128279883
1030 0.18737864077669902
1031 0.1871968962172648
1032 0.187015503875969
1033 0.1868344627299129
1034 0.18665377176015474
1035 0.18647342995169083
1036 0.18725868725868725
1037 0.1870781099324976
1038 0.18689788053949905
1039 0.1867179980750722
1040 0.1875
1041 0.1873198847262248
1042 0.1871401151631478
1043 0.186960690316395
1044 0.1867816091954023
1045 0.1875598086124402
1046 0.18738049713193117
1047 0.1872015281757402
1048 0.18702290076335878
1049 0.18779790276453764
1050 0.18761904761904763
1051 0.1874405328258801
1052 0.18726235741444866
1053 0.18708452041785376
1054 0.1869070208728653
1055 0.1876777251184834
1056 0.1875
1057 0.18732261116367077
1058 0.18714555765595464
1059 0.18696883852691218
1060 0.18679245283018867
1061 0.1875589066918002
1062 0.1873822975517891
1063 0.187206020696143
1064 0.18703007518796994
1065 0.18685446009389672
1066 0.18761726078799248
1067 0.18744142455482662
1068 0.18726591760299627
1069 0.18709073900841908
1070 0.18785046728971963
1071 0.1876750700280112
1072 0.1875
1073 0.18732525629077354
1074 0.18808193668528864
1075 0.18790697674418605
1076 0.18773234200743494
1077 0.18755803156917364
1078 0.18738404452690166
1079 0.1872103799814643
1080 0.18796296296296297
1081 0.1877890841813136
1082 0.1876155268022181
1083 0.18744228993536471
1084 0.18726937269372693
1085 0.1870967741935484
1086 0.1869244935543278
1087 0.18675252989880406
1088 0.18658088235294118
1089 0.18640955004591367
1090 0.1871559633027523
1091 0.18698441796516957
1092 0.18681318681318682
1093 0.18664226898444647
1094 0.18738574040219377
1095 0.1872146118721461
1096 0.18704379562043796
1097 0.18687329079307202
1098 0.18761384335154827
1099 0.18744313011828936
1100 0.18727272727272729
1101 0.18710263396911897
1102 0.1869328493647913
1103 0.18766999093381687
1104 0.1875
1105 0.18733031674208145
1106 0.1871609403254973
1107 0.1878952122854562
1108 0.18772563176895307
1109 0.18755635707844906
1110 0.1873873873873874
1111 0.18721872187218722
1112 0.18705035971223022
1113 0.18688230008984727
1114 0.1867145421903052
1115 0.18744394618834082
1116 0.18727598566308243
1117 0.18710832587287377
1118 0.18694096601073346
1119 0.1876675603217158
1120 0.1875
1121 0.1873327386262266
1122 0.18716577540106952
1123 0.18788958147818344
1124 0.18772241992882563
1125 0.18755555555555556
1126 0.18738898756660746
1127 0.18722271517302574
1128 0.1879432624113475
1129 0.18777679362267494
1130 0.18761061946902655
1131 0.1874447391688771
1132 0.1881625441696113
1133 0.1879964695498676
1134 0.18783068783068782
1135 0.18766519823788547
1136 0.1875
1137 0.18733509234828497
1138 0.18717047451669597
1139 0.18700614574187885
1140 0.18771929824561404
1141 0.18755477651183172
1142 0.18739054290718038
1143 0.18722659667541558
1144 0.18793706293706294
1145 0.18777292576419213
1146 0.18760907504363003
1147 0.1874455100261552
1148 0.18815331010452963
1149 0.18798955613577023
1150 0.18782608695652173
1151 0.18766290182450043
1152 0.1875
1153 0.18820468343451865
1154 0.18804159445407279
1155 0.18787878787878787
1156 0.18771626297577854
1157 0.18841832324978391
1158 0.18825561312607944
1159 0.18809318377911993
1160 0.1879310344827586
1161 0.18776916451335057
1162 0.18760757314974183
1163 0.1874462596732588
1164 0.1872852233676976
1165 0.18798283261802576
1166 0.18782161234991424
1167 0.18766066838046272
1168 0.1875
1169 0.1881950384944397
1170 0.18803418803418803
1171 0.18787361229718189
1172 0.18771331058020477
1173 0.18840579710144928
1174 0.18824531516183987
1175 0.18808510638297873
1176 0.1879251700680272
1177 0.18776550552251486
1178 0.18845500848896435
1179 0.18829516539440203
1180 0.188135593220339
1181 0.18797629127857748
1182 0.188663282571912
1183 0.18850380388841928
1184 0.1883445945945946
1185 0.1881856540084388
1186 0.18802698145025296
1187 0.18786857624262848
1188 0.18771043771043772
1189 0.18755256518082422
1190 0.18823529411764706
1191 0.18807724601175482
1192 0.18791946308724833
1193 0.18776194467728416
1194 0.1884422110552764
1195 0.18828451882845187
1196 0.18812709030100336
1197 0.18796992481203006
1198 0.18864774624373956
1199 0.1884904086738949
1200 0.18833333333333332
1201 0.18817651956702747
1202 0.18801996672212978
1203 0.1886949293433084
1204 0.18853820598006646
1205 0.1883817427385892
1206 0.18822553897180763
1207 0.18889809444904723
1208 0.18874172185430463
1209 0.18858560794044665
1210 0.1884297520661157
1211 0.18827415359207267
1212 0.18811881188118812
1213 0.18796372629843364
1214 0.18780889621087316
1215 0.18847736625514402
1216 0.18832236842105263
1217 0.18816762530813474
1218 0.18801313628899835
1219 0.1878589007383101
1220 0.18770491803278688
1221 0.18755118755118755
1222 0.18739770867430441
1223 0.18806214227309895
1224 0.18790849673202614
1225 0.18775510204081633
1226 0.18760195758564438
1227 0.1882640586797066
1228 0.18811074918566775
1229 0.18795768917819367
1230 0.1878048780487805
1231 0.18846466287571081
1232 0.18831168831168832
1233 0.18815896188158962
1234 0.1880064829821718
1235 0.18866396761133603
1236 0.18851132686084143
1237 0.1883589329021827
1238 0.18820678513731826
1239 0.1880548829701372
1240 0.18870967741935485
1241 0.18855761482675262
1242 0.18840579710144928
1243 0.18825422365245373
1244 0.18810289389067525
1245 0.18795180722891566
1246 0.18780096308186195
1247 0.18765036086607859
1248 0.18830128205128205
1249 0.18815052041633307
1250 0.188
1251 0.18784972022382093
1252 0.18849840255591055
1253 0.18834796488427774
1254 0.18819776714513556
1255 0.18804780876494023
1256 0.18869426751592358
1257 0.18854415274463007
1258 0.18839427662957076
1259 0.18824463860206514
1260 0.18888888888888888
1261 0.1887390959555908
1262 0.18858954041204437
1263 0.18844022169437846
1264 0.18829113924050633
1265 0.18893280632411066
1266 0.18878357030015797
1267 0.18863456985003946
1268 0.18848580441640378
1269 0.18833727344365642
1270 0.18818897637795276
1271 0.1880409126671912
1272 0.1878930817610063
1273 0.1885310290652003
1274 0.18838304552590268
1275 0.18823529411764706
1276 0.18808777429467086
1277 0.18872357086922475
1278 0.18857589984350548
1279 0.18842845973416733
1280 0.18828125
1281 0.18891491022638562
1282 0.18876755070202808
1283 0.18862042088854247
1284 0.18847352024922118
1285 0.18832684824902723
1286 0.18895800933125972
1287 0.1888111888111888
1288 0.18866459627329193
1289 0.18851823118696664
1290 0.18914728682170542
1291 0.1890007745933385
1292 0.18885448916408668
1293 0.18870843000773396
1294 0.18856259659969088
1295 0.18841698841698842
1296 0.1882716049382716
1297 0.18812644564379338
1298 0.18875192604006163
1299 0.1886066204772902
1300 0.18846153846153846
1301 0.18831667947732514
1302 0.1889400921658986
1303 0.18879508825786645
1304 0.18865030674846625
1305 0.18850574712643678
1306 0.1891271056661562
1307 0.188982402448355
1308 0.18883792048929662
1309 0.18869365928189458
1310 0.18854961832061068
1311 0.18916857360793288
1312 0.18902439024390244
1313 0.18888042650418888
1314 0.1887366818873668
1315 0.18935361216730037
1316 0.189209726443769
1317 0.18906605922551253
1318 0.18892261001517452
1319 0.18877937831690675
1320 0.18863636363636363
1321 0.18849356548069643
1322 0.18835098335854766
1323 0.1889644746787604
1324 0.18882175226586104
1325 0.18867924528301888
1326 0.1885369532428356
1327 0.18914845516201959
1328 0.18900602409638553
1329 0.18886380737396538
1330 0.1887218045112782
1331 0.1893313298271976
1332 0.1891891891891892
1333 0.18904726181545387
1334 0.1889055472263868
1335 0.18876404494382024
1336 0.18937125748502995
1337 0.18922961854899029
1338 0.1890881913303438
1339 0.18894697535474234
1340 0.18955223880597014
1341 0.1894108873974646
1342 0.18926974664679583
1343 0.18912881608339538
1344 0.18898809523809523
1345 0.18884758364312268
1346 0.1887072808320951
1347 0.18856718634001485
1348 0.1884272997032641
1349 0.1882876204595997
1350 0.18888888888888888
1351 0.18874907475943745
1352 0.1886094674556213
1353 0.188470066518847
1354 0.1883308714918759
1355 0.18892988929889298
1356 0.1887905604719764
1357 0.18865143699336773
1358 0.18851251840942562
1359 0.18910963944076528
1360 0.1889705882352941
1361 0.1888317413666422
1362 0.18869309838472834
1363 0.18855465884079237
1364 0.18914956011730205
1365 0.189010989010989
1366 0.18887262079062958
1367 0.18873445501097294
1368 0.18932748538011696
1369 0.1891891891891892
1370 0.18905109489051095
1371 0.18891320204230488
1372 0.18877551020408162
1373 0.1886380189366351
1374 0.18850072780203783
1375 0.1890909090909091
1376 0.18895348837209303
1377 0.1888162672476398
1378 0.18867924528301888
1379 0.1885424220449601
1380 0.1891304347826087
1381 0.1889934829833454
1382 0.18885672937771347
1383 0.18872017353579176
1384 0.1893063583815029
1385 0.1891696750902527
1386 0.18903318903318903
1387 0.18889689978370583
1388 0.18876080691642652
1389 0.18934485241180707
1390 0.18920863309352517
1391 0.18907260963335729
1392 0.18893678160919541
1393 0.18951902368987797
1394 0.18938307030129126
1395 0.18924731182795698
1396 0.18911174785100288
1397 0.1889763779527559
1398 0.1888412017167382
1399 0.1887062187276626
1400 0.18928571428571428
1401 0.1891506067094932
1402 0.1890156918687589
1403 0.18888096935138987
1404 0.18874643874643873
1405 0.1893238434163701
1406 0.1891891891891892
1407 0.1890547263681592
1408 0.18892045454545456
1409 0.18949609652235627
1410 0.18936170212765957
1411 0.18922749822820695
1412 0.18909348441926346
1413 0.18895966029723993
1414 0.18953323903818953
1415 0.18939929328621907
1416 0.18926553672316385
1417 0.18913196894848272
1418 0.18970380818053598
1419 0.18957011980267793
1420 0.18943661971830986
1421 0.1893033075299085
1422 0.18917018284106893
1423 0.18903724525650034
1424 0.18890449438202248
1425 0.18947368421052632
1426 0.18934081346423562
1427 0.18920812894183603
1428 0.18907563025210083
1429 0.18894331700489853
1430 0.18951048951048952
1431 0.1893780573025856
1432 0.1892458100558659
1433 0.18911374738311235
1434 0.1896792189679219
1435 0.18954703832752615
1436 0.1894150417827298
1437 0.18928322894919972
1438 0.18915159944367177
1439 0.18971507991660877
1440 0.18958333333333333
1441 0.18945176960444135
1442 0.18932038834951456
1443 0.18988218988218988
1444 0.18975069252077562
1445 0.18961937716262975
1446 0.18948824343015214
1447 0.18935729094678647
1448 0.18922651933701656
1449 0.189095928226363
1450 0.1896551724137931
1451 0.18952446588559613
1452 0.1893939393939394
1453 0.18926359256710254
1454 0.1891334250343879
1455 0.18969072164948453
1456 0.18956043956043955
1457 0.18943033630748113
1458 0.18930041152263374
1459 0.18985606579849212
1460 0.18972602739726027
1461 0.189596167008898
1462 0.18946648426812585
1463 0.18933697881066303
1464 0.18989071038251365
1465 0.18976109215017065
1466 0.18963165075034105
1467 0.18950238582140422
1468 0.19005449591280654
1469 0.18992511912865895
1470 0.18979591836734694
1471 0.18966689326988442
1472 0.18953804347826086
1473 0.1894093686354379
1474 0.18995929443690637
1475 0.18983050847457628
1476 0.1897018970189702
1477 0.1895734597156398
1478 0.18944519621109607
1479 0.18931710615280595
1480 0.1891891891891892
1481 0.18906144496961513
1482 0.18893387314439947
1483 0.18880647336480108
1484 0.18935309973045822
1485 0.1892255892255892
1486 0.18909825033647376
1487 0.18897108271687962
1488 0.18951612903225806
1489 0.18938885157824042
1490 0.18926174496644296
1491 0.1891348088531187
1492 0.18967828418230562
1493 0.18955123911587407
1494 0.1894243641231593
1495 0.18929765886287625
1496 0.18983957219251338
1497 0.18971275885103542
1498 0.18958611481975968
1499 0.1894596397598399
1500 0.18933333333333333
1501 0.189873417721519
1502 0.18974700399467376
1503 0.18962075848303392
1504 0.18949468085106383
1505 0.1893687707641196
1506 0.1892430278884462
1507 0.18911745189117452
1508 0.1896551724137931
1509 0.1895294897282969
1510 0.18940397350993377
1511 0.18927862342819324
1512 0.18915343915343916
1513 0.18968935888962327
1514 0.18956406869220607
1515 0.18943894389438945
1516 0.18931398416886544
1517 0.18984838497033618
1518 0.18972332015810275
1519 0.18959842001316657
1520 0.18947368421052632
1521 0.19000657462195925
1522 0.18988173455978974
1523 0.18975705843729482
1524 0.18963254593175852
1525 0.18950819672131147
1526 0.19003931847968544
1527 0.1899148657498363
1528 0.18979057591623036
1529 0.18966644865925442
1530 0.1895424836601307
1531 0.18941868060091444
1532 0.18929503916449086
1533 0.1898238747553816
1534 0.1897001303780965
1535 0.18957654723127035
1536 0.189453125
1537 0.1893298633702017
1538 0.18985695708712613
1539 0.18973359324236516
1540 0.18961038961038962
1541 0.18948734587929916
1542 0.19001297016861218
1543 0.1898898250162022
1544 0.18976683937823835
1545 0.18964401294498381
1546 0.19016817593790428
1547 0.19004524886877827
1548 0.18992248062015504
1549 0.18979987088444158
1550 0.1896774193548387
1551 0.1901998710509349
1552 0.19007731958762886
1553 0.18995492594977462
1554 0.18983268983268983
1555 0.18971061093247588
1556 0.18958868894601544
1557 0.1894669235709698
1558 0.18998716302952504
1559 0.1898652982681206
1560 0.18974358974358974
1561 0.18962203715566944
1562 0.18950064020486557
1563 0.19001919385796545
1564 0.18989769820971866
1565 0.18977635782747604
1566 0.1896551724137931
1567 0.19017230376515634
1568 0.19005102040816327
1569 0.18992989165073296
1570 0.18980891719745224
1571 0.19032463399108848
1572 0.19020356234096691
1573 0.19008264462809918
1574 0.18996188055908514
1575 0.18984126984126984
1576 0.19035532994923857
1577 0.19023462270133165
1578 0.19011406844106463
1579 0.18999366687777075
1580 0.189873417721519
1581 0.18975332068311196
1582 0.18963337547408343
1583 0.1901452937460518
1584 0.1900252525252525
1585 0.18990536277602524
1586 0.18978562421185372
1587 0.18966603654694392
1588 0.190176322418136
1589 0.19005663939584644
1590 0.189937106918239
1591 0.18981772470144564
1592 0.19032663316582915
1593 0.1902071563088512
1594 0.19008782936010038
1595 0.18996865203761756
1596 0.19047619047619047
1597 0.19035691922354414
1598 0.1902377972465582
1599 0.19011882426516574
1600 0.19
1601 0.1905059337913804
1602 0.19038701622971285
1603 0.19026824703680598
1604 0.1901496259351621
1605 0.19003115264797507
1606 0.18991282689912828
1607 0.1897946484131923
1608 0.1896766169154229
1609 0.18955873213175886
1610 0.19006211180124225
1611 0.18994413407821228
1612 0.18982630272952852
1613 0.18970861748295104
1614 0.1895910780669145
1615 0.18947368421052632
1616 0.18935643564356436
1617 0.18923933209647495
1618 0.18912237330037082
1619 0.18962322421247685
1620 0.18950617283950616
1621 0.189389265885256
1622 0.18927250308261406
1623 0.1891558841651263
1624 0.18903940886699508
1625 0.18953846153846154
1626 0.18942189421894218
1627 0.18930547019053473
1628 0.1891891891891892
1629 0.18907305095150398
1630 0.18957055214723925
1631 0.1894543225015328
1632 0.18933823529411764
1633 0.18922229026331905
1634 0.18910648714810283
1635 0.18960244648318042
1636 0.18948655256723718
1637 0.1893708002443494
1638 0.18925518925518925
1639 0.18913971934106164
1640 0.18963414634146342
1641 0.18951858622790982
1642 0.18940316686967112
1643 0.18928788800973828
1644 0.18917274939172748
1645 0.1890577507598784
1646 0.18955042527339003
1647 0.1894353369763206
1648 0.18932038834951456
1649 0.18920557913887204
1650 0.1890909090909091
1651 0.1889763779527559
1652 0.18886198547215496
1653 0.18935269207501512
1654 0.18923821039903266
1655 0.18912386706948642
1656 0.1890096618357488
1657 0.18889559444779722
1658 0.18938480096501809
1659 0.1892706449668475
1660 0.1891566265060241
1661 0.18904274533413606
1662 0.18953068592057762
1663 0.1894167167769092
1664 0.1893028846153846
1665 0.1891891891891892
1666 0.18967587034813926
1667 0.1895620875824835
1668 0.18944844124700239
1669 0.18933493109646496
1670 0.18982035928143712
1671 0.18970676241771395
1672 0.1895933014354067
1673 0.18947997609085476
1674 0.18936678614097968
1675 0.18925373134328358
1676 0.18914081145584727
1677 0.18902802623732856
1678 0.18951132300357568
1679 0.1893984514592019
1680 0.18928571428571428
1681 0.18917311124330755
1682 0.18906064209274673
1683 0.1895424836601307
1684 0.18942992874109263
1685 0.18931750741839762
1686 0.18979833926453143
1687 0.1896858328393598
1688 0.1895734597156398
1689 0.18946121965660154
1690 0.1893491124260355
1691 0.18982850384387936
1692 0.18971631205673758
1693 0.18960425280567042
1694 0.1894923258559622
1695 0.18997050147492625
1696 0.18985849056603774
1697 0.18974661166764878
1698 0.1896348645465253
1699 0.18952324896998235
1700 0.18941176470588236
1701 0.18930041152263374
1702 0.1891891891891892
1703 0.18966529653552555
1704 0.18955399061032863
1705 0.18944281524926687
1706 0.18933177022274325
1707 0.18922085530169888
1708 0.18969555035128804
1709 0.1895845523698069
1710 0.18947368421052632
1711 0.18994739918176504
1712 0.18983644859813084
1713 0.18972562755399883
1714 0.1896149358226371
1715 0.18950437317784258
1716 0.18997668997668998
1717 0.18986604542807223
1718 0.18975552968568102
1719 0.18964514252472367
1720 0.19011627906976744
1721 0.19000581057524696
1722 0.18989547038327526
1723 0.1897852582704585
1724 0.18967517401392112
1725 0.18956521739130436
1726 0.18945538818076477
1727 0.18934568616097278
1728 0.18981481481481483
1729 0.18970503181029497
1730 0.18959537572254334
1731 0.18948584633160023
1732 0.18937644341801385
1733 0.18984420080784767
1734 0.18973471741637832
1735 0.18962536023054755
1736 0.19009216589861752
1737 0.18998272884283246
1738 0.189873417721519
1739 0.18976423231742381
1740 0.1896551724137931
1741 0.19012062033314187
1742 0.19001148105625718
1743 0.18990246701090074
1744 0.18979357798165136
1745 0.19025787965616045
1746 0.19014891179839633
1747 0.19004006868918144
1748 0.18993135011441648
1749 0.18982275586049172
1750 0.18971428571428572
1751 0.1896059394631639
1752 0.18949771689497716
1753 0.18996006845407873
1754 0.18985176738882553
1755 0.18974358974358974
1756 0.1896355353075171
1757 0.19009675583380764
1758 0.1899886234357224
1759 0.18988061398521888
1760 0.18977272727272726
1761 0.1902328222600795
1762 0.19012485811577753
1763 0.19001701644923427
1764 0.1899092970521542
1765 0.18980169971671387
1766 0.19026047565118911
1767 0.19015280135823429
1768 0.19004524886877827
1769 0.18993781797625778
1770 0.1903954802259887
1771 0.19028797289666854
1772 0.1901805869074492
1773 0.1900733220530175
1774 0.18996617812852312
1775 0.18985915492957747
1776 0.18975225225225226
1777 0.18964546989307823
1778 0.18953880764904388
1779 0.18943226531759416
1780 0.1898876404494382
1781 0.1897810218978102
1782 0.18967452300785634
1783 0.18956814357823892
1784 0.18946188340807174
1785 0.18935574229691876
1786 0.18980963045912655
1787 0.1897034135422496
1788 0.18959731543624161
1789 0.19005030743432086
1790 0.18994413407821228
1791 0.18983807928531546
1792 0.18973214285714285
1793 0.18962632459564974
1794 0.19007803790412486
1795 0.18997214484679667
1796 0.18986636971046772
1797 0.1897607122982749
1798 0.19021134593993325
1799 0.19010561423012784
1800 0.19
1801 0.18989450305385897
1802 0.1897891231964484
1803 0.1896838602329451
1804 0.18957871396895787
1805 0.19002770083102494
1806 0.18992248062015504
1807 0.1898173768677366
1808 0.18971238938053098
1809 0.18960751796572692
1810 0.19005524861878453
1811 0.18995030369961347
1812 0.18984547461368653
1813 0.1897407611693326
1814 0.19018743109151048
1815 0.19008264462809918
1816 0.18997797356828194
1817 0.189873417721519
1818 0.18976897689768976
1819 0.1902144035184167
1820 0.1901098901098901
1821 0.1900054914881933
1822 0.18990120746432493
1823 0.19034558420186506
1824 0.19024122807017543
1825 0.19013698630136985
1826 0.1900328587075575
1827 0.1899288451012589
1828 0.1898249452954048
1829 0.18972115910333515
1830 0.1901639344262295
1831 0.1900600764609503
1832 0.18995633187772926
1833 0.18985270049099837
1834 0.18974918211559433
1835 0.1901907356948229
1836 0.1900871459694989
1837 0.1899836690255852
1838 0.1898803046789989
1839 0.19032082653616095
1840 0.19021739130434784
1841 0.19011406844106463
1842 0.19001085776330076
1843 0.18990775908844276
1844 0.1903470715835141
1845 0.1902439024390244
1846 0.19014084507042253
1847 0.19003789929615592
1848 0.19047619047619047
1849 0.1903731746890211
1850 0.19027027027027027
1851 0.19016747703943815
1852 0.1900647948164147
1853 0.18996222342147867
1854 0.18985976267529667
1855 0.1902964959568733
1856 0.19019396551724138
1857 0.19009154550350027
1858 0.189989235737352
1859 0.1898870360408822
1860 0.19032258064516128
1861 0.19022031166039763
1862 0.19011815252416756
1863 0.19001610305958133
1864 0.19045064377682402
1865 0.1903485254691689
1866 0.1902465166130761
1867 0.19014461703267274
1868 0.1905781584582441
1869 0.19047619047619047
1870 0.19037433155080213
1871 0.1902725815072154
1872 0.19017094017094016
1873 0.19060331019754403
1874 0.1905016008537887
1875 0.1904
1876 0.19029850746268656
1877 0.1901971230687267
1878 0.1900958466453674
1879 0.18999467802022352
1880 0.19042553191489361
1881 0.19032429558745348
1882 0.1902231668437832
1883 0.19012214551248008
1884 0.19002123142250532
1885 0.19045092838196287
1886 0.19034994697773064
1887 0.1902490726020138
1888 0.19014830508474576
1889 0.19057702488088937
1890 0.19047619047619047
1891 0.19037546271813854
1892 0.19027484143763213
1893 0.19070258848388802
1894 0.19060190073917635
1895 0.19050131926121372
1896 0.19040084388185655
1897 0.19030047443331577
1898 0.19072708113804004
1899 0.19062664560294892
1900 0.19052631578947368
1901 0.19042609153077328
1902 0.19032597266035753
1903 0.1902259590120862
1904 0.19012605042016806
1905 0.19055118110236222
1906 0.19045120671563484
1907 0.1903513371788149
1908 0.19025157232704404
1909 0.19015191199580933
1910 0.19005235602094242
1911 0.18995290423861852
1912 0.18985355648535565
1913 0.19027705175117615
1914 0.19017763845350052
1915 0.19007832898172325
1916 0.18997912317327767
1917 0.18988002086593636
1918 0.1903023983315954
1919 0.19020323084940072
1920 0.19010416666666666
1921 0.1905257678292556
1922 0.19042663891779396
1923 0.19032761310452417
1924 0.19022869022869024
1925 0.19012987012987012
1926 0.1905503634475597
1927 0.19045147898287493
1928 0.19035269709543567
1929 0.1902540176257128
1930 0.19067357512953367
1931 0.1905748316934231
1932 0.19047619047619047
1933 0.19037765131919296
1934 0.19027921406411583
1935 0.19018087855297158
1936 0.19008264462809918
1937 0.18998451213216314
1938 0.19040247678018576
1939 0.19030428055698814
1940 0.1902061855670103
1941 0.1901081916537867
1942 0.19052523171987643
1943 0.19042717447246527
1944 0.19032921810699588
1945 0.19023136246786632
1946 0.1906474820143885
1947 0.19054956343091936
1948 0.1904517453798768
1949 0.19035402770651616
1950 0.19025641025641027
1951 0.19067145053818554
1952 0.19057377049180327
1953 0.19047619047619047
1954 0.19037871033776868
1955 0.19079283887468032
1956 0.19069529652351738
1957 0.19059785385794584
1958 0.19050051072522983
1959 0.19040326697294538
1960 0.1903061224489796
1961 0.19020907700152984
1962 0.19011213047910297
1963 0.19052470708099847
1964 0.19042769857433808
1965 0.19033078880407125
1966 0.19023397761953204
1967 0.19064565327910524
1968 0.19054878048780488
1969 0.1904520060944642
1970 0.19035532994923857
1971 0.19076610857432774
1972 0.19066937119675456
1973 0.1905727318803852
1974 0.19047619047619047
1975 0.19037974683544304
1976 0.19078947368421054
1977 0.19069296914516945
1978 0.19059656218402427
1979 0.19050025265285497
1980 0.19090909090909092
1981 0.19081272084805653
1982 0.19071644803229063
1983 0.19062027231467474
1984 0.1905241935483871
1985 0.19042821158690176
1986 0.1903323262839879
1987 0.1902365374937091
1988 0.19064386317907445
1989 0.19054801407742583
1990 0.19045226130653267
1991 0.1903566047212456
1992 0.19076305220883535
1993 0.19066733567486202
1994 0.1905717151454363
1995 0.19047619047619047
1996 0.1908817635270541
1997 0.19078617926890334
1998 0.1906906906906907
1999 0.1905952976488244
2000 0.191
2001 0.19090454772613694
2002 0.19080919080919082
2003 0.1907139291063405
2004 0.1906187624750499
2005 0.1910224438902743
2006 0.1909272183449651
2007 0.19083208769307425
2008 0.19073705179282868
2009 0.1906421105027377
2010 0.19054726368159203
2011 0.19045251118846346
2012 0.19035785288270377
2013 0.19076005961251863
2014 0.1906653426017875
2015 0.19057071960297767
2016 0.19047619047619047
2017 0.1908775409023302
2018 0.19078295341922696
2019 0.1906884596334819
2020 0.1905940594059406
2021 0.19099455714992578
2022 0.19090009891196835
2023 0.1908057340583292
2024 0.1907114624505929
2025 0.19111111111111112
2026 0.1910167818361303
2027 0.1909225456339418
2028 0.1908284023668639
2029 0.19073435189748644
2030 0.19113300492610838
2031 0.19103889709502708
2032 0.19094488188976377
2033 0.190850959173635
2034 0.19075712881022616
2035 0.19066339066339066
2036 0.1905697445972495
2037 0.19047619047619047
2038 0.1903827281648675
2039 0.1902893575282001
2040 0.1906862745098039
2041 0.19059284664380205
2042 0.19049951028403525
2043 0.19040626529613314
2044 0.19031311154598826
2045 0.19070904645476772
2046 0.1906158357771261
2047 0.19052271617000488
2048 0.1904296875
2049 0.1908247925817472
2050 0.19073170731707317
2051 0.19063871282301317
2052 0.1905458089668616
2053 0.19094008767657086
2054 0.19084712755598832
2055 0.19075425790754258
2056 0.19066147859922178
2057 0.19056878949927078
2058 0.19096209912536444
2059 0.19086935405536667
2060 0.19077669902912622
2061 0.19068413391557495
2062 0.19059165858389912
2063 0.19049927290353855
2064 0.19040697674418605
2065 0.1907990314769976
2066 0.19070667957405615
2067 0.19061441702951137
2068 0.19052224371373308
2069 0.1904301594973417
2070 0.19082125603864733
2071 0.1907291163689039
2072 0.19063706563706564
2073 0.19054510371442354
2074 0.1909353905496625
2075 0.1908433734939759
2076 0.1907514450867052
2077 0.1906596051998074
2078 0.19104908565928777
2079 0.19095719095719096
2080 0.1908653846153846
2081 0.19077366650648728
2082 0.19068203650336216
2083 0.19107057129140662
2084 0.190978886756238
2085 0.1908872901678657
2086 0.19079578139980824
2087 0.19070436032582655
2088 0.19061302681992337
2089 0.19052178075634274
2090 0.19090909090909092
2091 0.1908177905308465
2092 0.1907265774378585
2093 0.19063545150501673
2094 0.19054441260744986
2095 0.1909307875894988
2096 0.19083969465648856
2097 0.19074868860276586
2098 0.19065776930409914
2099 0.1910433539780848
2100 0.19095238095238096
2101 0.190861494526416
2102 0.1907706945765937
2103 0.19115549215406563
2104 0.19106463878326996
2105 0.19097387173396674
2106 0.1908831908831909
2107 0.1912672045562411
2108 0.19117647058823528
2109 0.19108582266477003
2110 0.1909952606635071
2111 0.19090478446234013
2112 0.19081439393939395
2113 0.19072408897302415
2114 0.19063386944181646
2115 0.19101654846335697
2116 0.19092627599243855
2117 0.19083608880491262
2118 0.1907459867799811
2119 0.19065596979707408
2120 0.19103773584905662
2121 0.19094766619519093
2122 0.19085768143261075
2123 0.19076778144135656
2124 0.1911487758945386
2125 0.19105882352941175
2126 0.1909689557855127
2127 0.1908791725434885
2128 0.1912593984962406
2129 0.19116956317519962
2130 0.19107981220657277
2131 0.19099014547160958
2132 0.19136960600375236
2133 0.19127988748241911
2134 0.19119025304592316
2135 0.19110070257611242
2136 0.19101123595505617
2137 0.19092185306504444
2138 0.19083255378858746
2139 0.19074333800841514
2140 0.1911214953271028
2141 0.19103222793087343
2142 0.19094304388422034
2143 0.19085394307046197
2144 0.19076492537313433
2145 0.19114219114219114
2146 0.19105312208760486
2147 0.19096413600372614
2148 0.1908752327746741
2149 0.19125174499767333
2150 0.19116279069767442
2151 0.1910739191073919
2152 0.19098513011152415
2153 0.19136089177891313
2154 0.19127205199628597
2155 0.1911832946635731
2156 0.19109461966604824
2157 0.19146963375057952
2158 0.19138090824837814
2159 0.19129226493747106
2160 0.1912037037037037
2161 0.1911152244331328
2162 0.1910268270120259
2163 0.19093851132686085
2164 0.19085027726432532
2165 0.19122401847575057
2166 0.19113573407202217
2167 0.19104753114905398
2168 0.19095940959409594
2169 0.1908713692946058
2170 0.19078341013824884
2171 0.1906955320128973
2172 0.1910681399631676
2173 0.19098021168890933
2174 0.19089236430542778
2175 0.19080459770114944
2176 0.19071691176470587
2177 0.19108865411116216
2178 0.19100091827364554
2179 0.19091326296466268
2180 0.1908256880733945
2181 0.19119669876203577
2182 0.19110907424381302
2183 0.19102153000458086
2184 0.19093406593406592
2185 0.19130434782608696
2186 0.19121683440073192
2187 0.19112940100594422
2188 0.1910420475319927
2189 0.19095477386934673
2190 0.191324200913242
2191 0.1912368781378366
2192 0.19114963503649635
2193 0.191062471500228
2194 0.190975387420237
2195 0.1908883826879271
2196 0.19080145719489983
2197 0.19116977696859352
2198 0.1910828025477707
2199 0.19099590723055934
2200 0.19090909090909092
2201 0.19082235347569287
2202 0.19118982742960944
2203 0.1911030413073082
2204 0.191016333938294
2205 0.1909297052154195
2206 0.1912964641885766
2207 0.19120978704123245
2208 0.1911231884057971
2209 0.19103666817564507
2210 0.19140271493212668
2211 0.19131614654002713
2212 0.19122965641952983
2213 0.1911432444645278
2214 0.1910569105691057
2215 0.19142212189616253
2216 0.19133574007220217
2217 0.19124943617501128
2218 0.19116321009918846
2219 0.1910770617395223
2220 0.19099099099099098
2221 0.19090499774876182
2222 0.19126912691269127
2223 0.19118308591992803
2224 0.19109712230215828
2225 0.19101123595505617
2226 0.19092542677448338
2227 0.19128872923215087
2228 0.19120287253141832
2229 0.1911170928667564
2230 0.1914798206278027
2231 0.1913939937247871
2232 0.19130824372759855
2233 0.19122257053291536
2234 0.19113697403760072
2235 0.19149888143176733
2236 0.19141323792486584
2237 0.19132767098793027
2238 0.19124218051831993
2239 0.19115676641357748
2240 0.19151785714285716
2241 0.19143239625167335
2242 0.19134701159678857
2243 0.1912617030762372
2244 0.19117647058823528
2245 0.1910913140311804
2246 0.19100623330365094
2247 0.19136626613262128
2248 0.19128113879003558
2249 0.19119608714984437
2250 0.19111111111111112
2251 0.19102621057307864
2252 0.1913854351687389
2253 0.19130048823790502
2254 0.1912156166814552
2255 0.19157427937915744
2256 0.19148936170212766
2257 0.19140451927337174
2258 0.1913197519929141
2259 0.19123505976095617
2260 0.1915929203539823
2261 0.19150818222025653
2262 0.1914235190097259
2263 0.19133893062306673
2264 0.19125441696113074
2265 0.19161147902869757
2266 0.1915269196822595
2267 0.19144243493603882
2268 0.19135802469135801
2269 0.19127368884971352
2270 0.19118942731277533
2271 0.19110523998238663
2272 0.1914612676056338
2273 0.1913770347558293
2274 0.19129287598944592
2275 0.1912087912087912
2276 0.19156414762741653
2277 0.19148001756697408
2278 0.19139596136962247
2279 0.19131197893813076
2280 0.19166666666666668
2281 0.19158263919333626
2282 0.19149868536371603
2283 0.19141480508103373
2284 0.19133099824868652
2285 0.19168490153172865
2286 0.19160104986876642
2287 0.1915172715347617
2288 0.19143356643356643
2289 0.1913499344692005
2290 0.19170305676855895
2291 0.19161938018332605
2292 0.19153577661431065
2293 0.19145224596598343
2294 0.1913687881429817
2295 0.19128540305010894
2296 0.1912020905923345
2297 0.1911188506747932
2298 0.19103568320278502
2299 0.19095258808177468
2300 0.19130434782608696
2301 0.1912212081703607
2302 0.19113814074717636
2303 0.1910551454624403
2304 0.1909722222222222
2305 0.19088937093275488
2306 0.19080659150043366
2307 0.19115734720416125
2308 0.1910745233968804
2309 0.1909917713295799
2310 0.19090909090909092
2311 0.19082648204240588
2312 0.19117647058823528
2313 0.1910938175529615
2314 0.19101123595505617
2315 0.1913606911447084
2316 0.19127806563039723
2317 0.19119551143720329
2318 0.1911130284728214
2319 0.19103061664510565
2320 0.19137931034482758
2321 0.1912968548039638
2322 0.19121447028423771
2323 0.19113215669393027
2324 0.19104991394148021
2325 0.1913978494623656
2326 0.19131556319862425
2327 0.19123334765792865
2328 0.19115120274914088
2329 0.1910691283812795
2330 0.19098712446351931
2331 0.1909051909051909
2332 0.19125214408233276
2333 0.1911701671667381
2334 0.19108826049700087
2335 0.19100642398286938
2336 0.1913527397260274
2337 0.19127086007702182
2338 0.1911890504704876
2339 0.1911073108165883
2340 0.19145299145299147
2341 0.19137120888509185
2342 0.19128949615713065
2343 0.19120785317968417
2344 0.19112627986348124
2345 0.19147121535181236
2346 0.19138959931798807
2347 0.19130805283340435
2348 0.19122657580919933
2349 0.1911451681566624
2350 0.19148936170212766
2351 0.19140791152700978
2352 0.1913265306122449
2353 0.19124521886952825
2354 0.1911639762107052
2355 0.1910828025477707
2356 0.19100169779286927
2357 0.1913449299957573
2358 0.1912637828668363
2359 0.19118270453582026
2360 0.19110169491525425
2361 0.19144430326132994
2362 0.1913632514817951
2363 0.19128226830300465
2364 0.19120135363790186
2365 0.19154334038054968
2366 0.19146238377007607
2367 0.19138149556400508
2368 0.19130067567567569
2369 0.19121992401857324
2370 0.19156118143459916
2371 0.19148038802193168
2372 0.19139966273187184
2373 0.19131900547829753
2374 0.19123841617523168
2375 0.19157894736842104
2376 0.1914983164983165
2377 0.19141775347076145
2378 0.1913372582001682
2379 0.1912568306010929
2380 0.19117647058823528
2381 0.19109617807643847
2382 0.19143576826196473
2383 0.19135543432647922
2384 0.1912751677852349
2385 0.19119496855345913
2386 0.19153394803017604
2387 0.19145370758273983
2388 0.19137353433835846
2389 0.19129342821264128
2390 0.1916317991631799
2391 0.19155165202844
2392 0.19147157190635453
2393 0.19139155871291266
2394 0.19131161236424393
2395 0.1916492693110647
2396 0.19156928213689484
2397 0.19148936170212766
2398 0.19140950792326938
2399 0.1913297207169654
2400 0.19166666666666668
2401 0.19158683881715952
2402 0.19150707743547044
2403 0.1914273824386184
2404 0.1913477537437604
2405 0.19126819126819128
2406 0.19118869492934332
2407 0.19152471956792688
2408 0.19144518272425248
2409 0.19136571191365712
2410 0.1912863070539419
2411 0.19162173372044794
2412 0.19154228855721392
2413 0.19146290924160797
2414 0.19138359569179786
2415 0.19171842650103518
2416 0.1916390728476821
2417 0.19155978485726108
2418 0.1914805624483044
2419 0.19181479950392724
2420 0.19173553719008266
2421 0.1916563403552251
2422 0.1915772089182494
2423 0.19149814279818406
2424 0.19141914191419143
2425 0.19175257731958764
2426 0.19167353668590273
2427 0.1915945611866502
2428 0.1915156507413509
2429 0.19143680526965828
2430 0.19135802469135801
2431 0.19127930892636774
2432 0.19120065789473684
2433 0.19112207151664612
2434 0.19104354971240756
2435 0.19137577002053388
2436 0.19129720853858784
2437 0.19121871153057038
2438 0.1911402789171452
2439 0.19147191471914718
2440 0.19139344262295083
2441 0.19131503482179435
2442 0.19123669123669124
2443 0.19156774457634057
2444 0.19148936170212766
2445 0.19141104294478528
2446 0.19133278822567457
2447 0.191663261136085
2448 0.19158496732026145
2449 0.19150673744385463
2450 0.19142857142857142
2451 0.19135046919624643
2452 0.19168026101141925
2453 0.19160211985324094
2454 0.1915240423797881
2455 0.19144602851323828
2456 0.19136807817589577
2457 0.19129019129019129
2458 0.19121236777868186
2459 0.19154127694184628
2460 0.19146341463414634
2461 0.19138561560341324
2462 0.19130787977254265
2463 0.19123020706455543
2464 0.19155844155844157
2465 0.19148073022312373
2466 0.19140308191403083
2467 0.19132549655451966
2468 0.19165316045380876
2469 0.191575536654516
2470 0.19149797570850202
2471 0.1914204775394577
2472 0.19174757281553398
2473 0.1916700363930449
2474 0.1915925626515764
2475 0.19151515151515153
2476 0.19143780290791598
2477 0.19176423092450545
2478 0.1916868442292171
2479 0.19160951996772893
2480 0.19153225806451613
2481 0.19145505844417574
2482 0.19137792103142626
2483 0.19130084575110753
2484 0.19162640901771336
2485 0.19154929577464788
2486 0.1914722445695897
2487 0.19139525532770407
2488 0.19131832797427653
2489 0.19164323021293692
2490 0.19156626506024096
2491 0.19148936170212766
2492 0.19141252006420545
2493 0.1917368632170076
2494 0.19165998396150763
2495 0.19158316633266534
2496 0.19150641025641027
2497 0.1918301962354826
2498 0.19175340272217775
2499 0.1916766706682673
2500 0.1916
2501 0.1919232307077169
2502 0.19184652278177458
2503 0.19176987614862165
2504 0.19169329073482427
2505 0.19161676646706588
2506 0.19154030327214686
2507 0.19146390107698444
2508 0.19138755980861244
2509 0.19170984455958548
2510 0.19163346613545817
2511 0.19155714854639586
2512 0.19148089171974522
2513 0.19140469558296858
2514 0.1917263325377884
2515 0.19165009940357852
2516 0.1915739268680445
2517 0.1914978148589591
2518 0.19181890389197775
2519 0.19174275506153235
2520 0.19166666666666668
2521 0.1915906386354621
2522 0.19191118160190326
2523 0.19183511692429647
2524 0.19175911251980982
2525 0.1916831683168317
2526 0.1920031670625495
2527 0.1919271863870202
2528 0.1918512658227848
2529 0.19177540529853698
2530 0.191699604743083
2531 0.19162386408534177
2532 0.1915481832543444
2533 0.1914725621792341
2534 0.19179163378058406
2535 0.19171597633136095
2536 0.1916403785488959
2537 0.19156484036263302
2538 0.19148936170212766
2539 0.19180779834580544
2540 0.19173228346456692
2541 0.19165682802046438
2542 0.1915814319433517
2543 0.19189933149823044
2544 0.1918238993710692
2545 0.19174852652259333
2546 0.19167321288295366
2547 0.19199057714958775
2548 0.19191522762951335
2549 0.1918399372302864
2550 0.19176470588235295
2551 0.19208153665229322
2552 0.1920062695924765
2553 0.1919310614962789
2554 0.1918559122944401
2555 0.1917808219178082
2556 0.19170579029733958
2557 0.19163081736409857
2558 0.19155590304925724
2559 0.19148104728409535
2560 0.191796875
2561 0.1917219836001562
2562 0.1916471506635441
2563 0.19157237612173234
2564 0.19149765990639625
2565 0.19142300194931774
2566 0.19173811379579112
2567 0.19166342033502143
2568 0.19158878504672897
2569 0.1915142078629817
2570 0.19143968871595332
2571 0.19175418125243096
2572 0.1916796267496112
2573 0.1916051301982122
2574 0.19153069153069152
2575 0.19184466019417476
2576 0.19177018633540371
2577 0.19169577027551415
2578 0.19162141194724594
2579 0.19193485847227607
2580 0.19186046511627908
2581 0.19178612940720652
2582 0.19171185127807902
2583 0.1916376306620209
2584 0.19156346749226005
2585 0.1918762088974855
2586 0.19180201082753287
2587 0.19172787011982992
2588 0.19165378670788252
2589 0.19157976052529935
2590 0.1915057915057915
2591 0.19181783095329988
2592 0.19174382716049382
2593 0.19166988044735828
2594 0.19159599074787972
2595 0.19152215799614644
2596 0.19183359013867488
2597 0.19175972275702735
2598 0.19168591224018475
2599 0.19161215852250865
2600 0.19192307692307692
2601 0.19184928873510187
2602 0.19177555726364334
2603 0.1917018824433346
2604 0.19201228878648233
2605 0.19193857965451055
2606 0.1918649270913277
2607 0.19179133103183735
2608 0.19171779141104295
2609 0.19164430816404754
2610 0.19195402298850575
2611 0.1918805055534278
2612 0.19180704441041346
2613 0.19173363949483352
2614 0.19166029074215762
2615 0.19158699808795412
2616 0.1918960244648318
2617 0.1918226977455101
2618 0.1917494270435447
2619 0.191676212294769
2620 0.1916030534351145
2621 0.19191148416634873
2622 0.19183829138062547
2623 0.19176515440335493
2624 0.19207317073170732
2625 0.192
2626 0.19192688499619193
2627 0.19185382565664255
2628 0.1917808219178082
2629 0.19208824648155193
2630 0.1920152091254753
2631 0.1919422272900038
2632 0.1918693009118541
2633 0.19179642992783896
2634 0.19172361427486712
2635 0.19203036053130929
2636 0.19195751138088013
2637 0.1918847174819871
2638 0.19181197877179681
2639 0.19173929518757105
2640 0.19166666666666668
2641 0.19197273759939418
2642 0.1919000757002271
2643 0.19182746878547105
2644 0.1917549167927383
2645 0.19168241965973534
2646 0.19198790627362056
2647 0.19191537589724217
2648 0.19184290030211482
2649 0.19214798036995093
2650 0.1920754716981132
2651 0.19200301772915881
2652 0.19193061840120665
2653 0.1918582736524689
2654 0.19216277317256972
2655 0.192090395480226
2656 0.19201807228915663
2657 0.19194580353782462
2658 0.19187358916478556
2659 0.19180142910868747
2660 0.19210526315789472
2661 0.19203307027433295
2662 0.1919609316303531
2663 0.19188884716485166
2664 0.1918168168168168
2665 0.19174484052532834
2666 0.19204801200300076
2667 0.19197600299962506
2668 0.191904047976012
2669 0.19183214687148745
2670 0.19213483146067414
2671 0.19206289779108948
2672 0.19199101796407186
2673 0.1919191919191919
2674 0.19222139117427076
2675 0.19214953271028037
2676 0.1920777279521674
2677 0.192005976839746
2678 0.1919342793129201
2679 0.19223590892123926
2680 0.1921641791044776
2681 0.19209250279746362
2682 0.19202087994034303
2683 0.19194931047335073
2684 0.19187779433681074
2685 0.19217877094972066
2686 0.1921072226358898
2687 0.19203572757722367
2688 0.19196428571428573
2689 0.19189289698772777
2690 0.19182156133828995
2691 0.19175027870680045
2692 0.19167904903417535
2693 0.19160787226141848
2694 0.1919079435783222
2695 0.19183673469387755
2696 0.19176557863501484
2697 0.19169447534297368
2698 0.19199406968124536
2699 0.19192293442015562
2700 0.19185185185185186
2701 0.1917808219178082
2702 0.19170984455958548
2703 0.19200887902330743
2704 0.1919378698224852
2705 0.19186691312384474
2706 0.1917960088691796
2707 0.19209456963428148
2708 0.19202363367799113
2709 0.19195275009228496
2710 0.1918819188191882
2711 0.19218000737735152
2712 0.19210914454277286
2713 0.19203833394765943
2714 0.19196757553426677
2715 0.19189686924493554
2716 0.19182621502209132
2717 0.19175561280824438
2718 0.1916850625459897
2719 0.19198234645090106
2720 0.19191176470588237
2721 0.1918412348401323
2722 0.19177075679647318
2723 0.19206757253029746
2724 0.19199706314243759
2725 0.19192660550458715
2726 0.19185619955979458
2727 0.19215254858819214
2728 0.19208211143695014
2729 0.1920117259069256
2730 0.19194139194139195
2731 0.19223727572317834
2732 0.19216691068814057
2733 0.19209659714599342
2734 0.1920263350402341
2735 0.19195612431444242
2736 0.1922514619883041
2737 0.19218122031421264
2738 0.19211102994886778
2739 0.19204089083607156
2740 0.19197080291970803
2741 0.19190076614374316
2742 0.19183078045222465
2743 0.19212541013488882
2744 0.19205539358600582
2745 0.19198542805100183
2746 0.1919155134741442
2747 0.19184564979978158
2748 0.19213973799126638
2749 0.19206984357948345
2750 0.192
2751 0.19193020719738277
2752 0.19222383720930233
2753 0.19215401380312386
2754 0.19208424110384895
2755 0.19201451905626135
2756 0.19230769230769232
2757 0.19223793978962642
2758 0.19216823785351705
2759 0.1920985864443639
2760 0.19202898550724637
2761 0.19232162260050706
2762 0.19225199131064447
2763 0.19218241042345277
2764 0.19211287988422576
2765 0.19204339963833636
2766 0.19197396963123645
2767 0.19190458980845682
2768 0.19219653179190752
2769 0.19212712170458648
2770 0.192057761732852
2771 0.19198845182244678
2772 0.1919191919191919
2773 0.19221060223584566
2774 0.192141312184571
2775 0.19207207207207208
2776 0.1920028818443804
2777 0.19229384227583723
2778 0.19222462203023757
2779 0.19215545160129544
2780 0.1920863309352518
2781 0.19237684286227977
2782 0.19230769230769232
2783 0.19223859144807762
2784 0.19216954022988506
2785 0.19245960502693
2786 0.19239052404881551
2787 0.19232149264442053
2788 0.19225251076040173
2789 0.19218357834349228
2790 0.1921146953405018
2791 0.19204586169831603
2792 0.19197707736389685
2793 0.19226638023630505
2794 0.19219756621331424
2795 0.192128801431127
2796 0.19206008583690987
2797 0.1919914193779049
2798 0.19228020014295927
2799 0.1922115041086102
2800 0.19214285714285714
2801 0.1920742591931453
2802 0.19236259814418272
2803 0.19229397074562968
2804 0.19222539229671898
2805 0.19215686274509805
2806 0.1924447612259444
2807 0.1923762023512647
2808 0.19230769230769232
2809 0.19223923104307583
2810 0.1925266903914591
2811 0.19245819992885094
2812 0.19238975817923187
2813 0.19232136509065056
2814 0.19225302061122956
2815 0.1921847246891652
2816 0.19211647727272727
2817 0.19204827831025914
2818 0.19198012775017742
2819 0.19226676126285916
2820 0.1921985815602837
2821 0.19213045019496633
2822 0.1920623671155209
2823 0.1919943322706341
2824 0.19228045325779036
2825 0.19221238938053098
2826 0.1921443736730361
2827 0.1920764060841882
2828 0.192008486562942
2829 0.19229409685401203
2830 0.192226148409894
2831 0.1921582479689156
2832 0.192090395480226
2833 0.19202259089304624
2834 0.19230769230769232
2835 0.19223985890652556
2836 0.19217207334273625
2837 0.19210433556573844
2838 0.19203664552501762
2839 0.1923212398731948
2840 0.19225352112676056
2841 0.1921858500527983
2842 0.1921182266009852
2843 0.1920506507210693
2844 0.19198312236286919
2845 0.19226713532513182
2846 0.1921995783555868
2847 0.19213206884439762
2848 0.19206460674157302
2849 0.191997191997192
2850 0.19228070175438597
2851 0.19221325850578744
2852 0.19214586255259467
2853 0.19207851384507535
2854 0.19236159775753328
2855 0.19229422066549912
2856 0.19222689075630253
2857 0.19215960798039902
2858 0.1920923722883135
2859 0.19237495627841902
2860 0.19230769230769232
2861 0.19224047535826633
2862 0.19217330538085256
2863 0.1924554662940971
2864 0.19238826815642457
2865 0.19232111692844678
2866 0.1922540125610607
2867 0.19218695500523195
2868 0.1921199442119944
2869 0.19205298013245034
2870 0.19233449477351916
2871 0.1922675026123302
2872 0.19220055710306408
2873 0.19213365819700662
2874 0.19206680584551147
2875 0.19234782608695652
2876 0.19228094575799723
2877 0.1922141119221411
2878 0.19214732453092426
2879 0.1924279263633206
2880 0.19236111111111112
2881 0.19229434224227698
2882 0.19222761970853575
2883 0.19250780437044746
2884 0.19244105409153953
2885 0.1923743500866551
2886 0.19230769230769232
2887 0.19224108070661586
2888 0.1925207756232687
2889 0.19245413637937003
2890 0.19238754325259516
2891 0.19232099619508822
2892 0.19225449515905949
2893 0.19218804009678533
2894 0.19212163096060816
2895 0.1924006908462867
2896 0.1923342541436464
2897 0.19226786330686918
2898 0.19220151828847482
2899 0.19213521904104863
2900 0.19241379310344828
2901 0.1923474663908997
2902 0.19228118538938663
2903 0.1922149500516707
2904 0.1924931129476584
2905 0.19242685025817555
2906 0.19236063317274604
2907 0.19229446164430686
2908 0.19257221458046767
2909 0.19250601581299415
2910 0.19243986254295534
2911 0.19237375472346271
2912 0.19230769230769232
2913 0.19258496395468588
2914 0.19251887439945092
2915 0.19245283018867926
2916 0.19238683127572018
2917 0.19232087761398697
2918 0.1922549691569568
2919 0.19218910585817062
2920 0.19246575342465752
2921 0.1923998630605957
2922 0.19233401779603013
2923 0.19226821758467327
2924 0.19220246238030095
2925 0.19247863247863248
2926 0.19241285030758715
2927 0.19234711308507005
2928 0.19228142076502733
2929 0.19255718675315808
2930 0.1924914675767918
2931 0.19242579324462641
2932 0.19236016371077763
2933 0.19263552676440504
2934 0.19256987048398091
2935 0.19250425894378195
2936 0.19243869209809264
2937 0.1923731699012598
2938 0.19264805990469708
2939 0.19258251105818305
2940 0.19251700680272107
2941 0.19245154709282558
2942 0.19238613188307274
2943 0.19232076112810056
2944 0.1922554347826087
2945 0.19252971137521221
2946 0.1924643584521385
2947 0.19239904988123516
2948 0.19233378561736772
2949 0.19226856561546288
2950 0.19254237288135592
2951 0.19247712639783124
2952 0.19241192411924118
2953 0.19234676600067727
2954 0.1926201760324983
2955 0.1925549915397631
2956 0.19248985115020298
2957 0.1924247548190734
2958 0.19235970250169032
2959 0.19263264616424466
2960 0.19256756756756757
2961 0.19250253292806485
2962 0.1924375422012154
2963 0.1923725953425582
2964 0.1926450742240216
2965 0.19258010118043845
2966 0.19251517194875253
2967 0.19245028648466464
2968 0.19238544474393532
2969 0.19232064668238463
2970 0.1925925925925926
2971 0.19252776842813868
2972 0.19246298788694483
2973 0.1923982509249916
2974 0.19233355749831876
2975 0.1922689075630252
2976 0.1922043010752688
2977 0.19213973799126638
2978 0.19207521826729348
2979 0.19201074185968445
2980 0.19228187919463088
2981 0.19221737671922173
2982 0.1921529175050302
2983 0.19208850150854845
2984 0.19202412868632707
2985 0.19229480737018426
2986 0.19223040857334225
2987 0.19216605289588215
2988 0.19210174029451138
2989 0.19237203077952492
2990 0.19230769230769232
2991 0.19224339685723837
2992 0.19217914438502673
2993 0.192449047778149
2994 0.19238476953907815
2995 0.19232053422370618
2996 0.19225634178905207
2997 0.1921921921921922
2998 0.19246164109406272
2999 0.19239746582194064
3000 0.19233333333333333
3001 0.1922692435854715
3002 0.1922051965356429
3003 0.19214119214119213
3004 0.19207723035952065
3005 0.1923460898502496
3006 0.19228210246174318
3007 0.19221815763219155
3008 0.19215425531914893
3009 0.192090395480226
3010 0.19235880398671096
3011 0.19229491863168383
3012 0.19223107569721115
3013 0.19216727514105542
3014 0.192435301924353
3015 0.19237147595356552
3016 0.19230769230769232
3017 0.192243950944647
3018 0.19251159708416168
3019 0.19244783040741967
3020 0.1923841059602649
3021 0.19232042370076133
3022 0.19258769027134348
3023 0.1925239827985445
3024 0.19246031746031747
3025 0.19239669421487604
3026 0.19233311302048908
3027 0.19226957383548068
3028 0.19220607661822986
3029 0.1921426213271707
3030 0.19240924092409242
3031 0.19234576047509072
3032 0.19228232189973615
3033 0.19221892515661063
3034 0.1921555702043507
3035 0.19242174629324546
3036 0.19235836627140976
3037 0.19229502798814618
3038 0.19223173140223832
3039 0.192497532082922
3040 0.1924342105263158
3041 0.1923709306149293
3042 0.19230769230769232
3043 0.19257311863292803
3044 0.19250985545335086
3045 0.19244663382594418
3046 0.19238345370978333
3047 0.1926485067279291
3048 0.19258530183727035
3049 0.19252213840603477
3050 0.19245901639344262
3051 0.19239593575876762
3052 0.19233289646133683
3053 0.19226989846053064
3054 0.1922069417157826
3055 0.19247135842880525
3056 0.19240837696335078
3057 0.19234543670264967
3058 0.19228253760627861
3059 0.19221967963386727
3060 0.19248366013071896
3061 0.19242077752368508
3062 0.1923579359895493
3063 0.19262161279791054
3064 0.19255874673629242
3065 0.19249592169657423
3066 0.19243313763861708
3067 0.19237039452233454
3068 0.1926336375488918
3069 0.19257086999022482
3070 0.19250814332247557
3071 0.19244545750569847
3072 0.19270833333333334
3073 0.19264562316954117
3074 0.19258295380611581
3075 0.19252032520325205
3076 0.19245773732119636
3077 0.192395190120247
3078 0.19233268356075373
3079 0.19227021760311788
3080 0.19253246753246753
3081 0.19246997728010387
3082 0.19240752757949384
3083 0.19234511839117743
3084 0.1926070038910506
3085 0.19254457050243112
3086 0.19248217757615035
3087 0.1924198250728863
3088 0.19268134715025906
3089 0.19261897054062804
3090 0.1925566343042071
3091 0.1924943384018117
3092 0.1924320827943079
3093 0.19269317814419656
3094 0.19263089851325146
3095 0.1925686591276252
3096 0.1925064599483204
3097 0.19276719405876655
3098 0.19270497094899935
3099 0.19264278799612777
3100 0.1925806451612903
3101 0.1925185424056756
3102 0.19245647969052224
3103 0.1923944569771189
3104 0.19233247422680413
3105 0.1925925925925926
3106 0.19253058596265293
3107 0.19246861924686193
3108 0.19240669240669242
3109 0.19234480540366677
3110 0.19228295819935692
3111 0.19222115075538412
3112 0.19248071979434447
3113 0.19241888853196273
3114 0.19235709698137443
3115 0.19229534510433388
3116 0.19223363286264442
3117 0.19249278152069296
3118 0.19243104554201412
3119 0.1923693491503687
3120 0.19262820512820514
3121 0.1925664851009292
3122 0.19250480461242794
3123 0.19244316362471983
3124 0.19238156209987195
3125 0.19264
3126 0.19257837492002558
3127 0.1925167892548769
3128 0.19245524296675193
3129 0.19239373601789708
3130 0.1926517571884984
3131 0.19259022676461193
3132 0.1925287356321839
3133 0.19246728375359082
3134 0.19240587109125717
3135 0.1923444976076555
3136 0.19228316326530612
3137 0.1925406439273191
3138 0.19247928616953475
3139 0.19241796750557502
3140 0.19235668789808918
3141 0.19229544730977396
3142 0.19255251432208784
3143 0.1924912503977092
3144 0.1924300254452926
3145 0.19268680445151035
3146 0.1926255562619199
3147 0.19256434699714015
3148 0.19250317662007624
3149 0.19244204509368054
3150 0.1926984126984127
3151 0.1926372580133291
3152 0.19257614213197968
3153 0.1925150650174437
3154 0.1924540266328472
3155 0.19270998415213947
3156 0.1926489226869455
3157 0.19258789990497308
3158 0.19252691576947434
3159 0.192465970243748
3160 0.19240506329113924
3161 0.19234419487503954
3162 0.19259962049335863
3163 0.1925387290546949
3164 0.19247787610619468
3165 0.1924170616113744
3166 0.19267214150347442
3167 0.19261130407325544
3168 0.19255050505050506
3169 0.192489744398864
3170 0.19274447949526813
3171 0.19268369599495427
3172 0.19262295081967212
3173 0.19256224393318627
3174 0.19250157529930687
3175 0.19275590551181102
3176 0.19269521410579346
3177 0.19263456090651557
3178 0.19257394587791063
3179 0.1925133689839572
3180 0.1927672955974843
3181 0.1927066960075448
3182 0.19264613450659962
3183 0.1925856110587496
3184 0.1925251256281407
3185 0.1924646781789639
3186 0.19240426867545513
3187 0.1926576717916536
3188 0.19259723964868256
3189 0.1925368454060834
3190 0.19247648902821315
3191 0.19272955186461924
3192 0.19266917293233082
3193 0.1926088318196054
3194 0.19254852849092047
3195 0.19280125195618153
3196 0.1927409261576971
3197 0.1926806380982171
3198 0.19262038774233897
3199 0.1925601750547046
3200 0.1928125
3201 0.19275226491721337
3202 0.19269206745783884
3203 0.19263190758663754
3204 0.19257178526841448
3205 0.19282371294851794
3206 0.19276356830941985
3207 0.19270346117867165
3208 0.192643391521197
3209 0.19258335930196324
3210 0.1925233644859813
3211 0.19246340703830583
3212 0.1927148194271482
3213 0.19265483971366323
3214 0.1925948973242066
3215 0.19253499222395024
3216 0.1927860696517413
3217 0.19272614236866645
3218 0.19266625233064014
3219 0.19260639950295122
3220 0.19285714285714287
3221 0.19279726792921453
3222 0.19273743016759776
3223 0.1926776295376978
3224 0.19292803970223324
3225 0.19286821705426357
3226 0.19280843149411037
3227 0.1927486829872947
3228 0.1926889714993804
3229 0.19262929699597398
3230 0.19287925696594427
3231 0.19281956050758278
3232 0.19275990099009901
3233 0.19270027837921436
3234 0.19264069264069264
3235 0.19258114374034002
3236 0.19252163164400493
3237 0.19246215631757801
3238 0.19240271772699197
3239 0.1926520531028095
3240 0.1925925925925926
3241 0.19253316877506943
3242 0.19247378161628625
3243 0.19241443108233117
3244 0.19266337854500618
3245 0.1926040061633282
3246 0.19254467036352435
3247 0.1924853711117955
3248 0.19273399014778325
3249 0.19267466912896275
3250 0.1926153846153846
3251 0.19255613657336204
3252 0.19280442804428044
3253 0.19274515831540118
3254 0.19268592501536572
3255 0.19262672811059908
3256 0.19256756756756757
3257 0.19281547436291066
3258 0.19275629220380602
3259 0.1926971463639153
3260 0.19263803680981595
3261 0.19257896350812634
3262 0.19251992642550583
3263 0.19246092552865462
3264 0.19270833333333334
3265 0.19264931087289433
3266 0.19259032455603184
3267 0.19253137434955617
3268 0.19247246022031825
3269 0.19271948608137046
3270 0.1926605504587156
3271 0.1926016508712932
3272 0.19254278728606358
3273 0.19278948976474183
3274 0.19273060476481368
3275 0.19267175572519085
3276 0.19261294261294262
3277 0.19285932255111382
3278 0.19280048810250153
3279 0.19274168953949375
3280 0.1926829268292683
3281 0.1929289850655288
3282 0.19287020109689215
3283 0.1928114529393847
3284 0.19275274056029232
3285 0.19269406392694063
3286 0.19263542300669506
3287 0.19257681776696076
3288 0.19251824817518248
3289 0.19276375798114928
3290 0.19270516717325228
3291 0.19264661197204497
3292 0.19258809234507898
3293 0.19252960825994533
3294 0.19277474195506983
3295 0.19271623672230653
3296 0.19265776699029127
3297 0.19259933272672125
3298 0.19284414796846575
3299 0.19278569263413156
3300 0.19272727272727272
3301 0.19266888821569222
3302 0.19291338582677164
3303 0.19285498032092038
3304 0.19279661016949154
3305 0.19273827534039334
3306 0.19298245614035087
3307 0.19292410039310554
3308 0.1928657799274486
3309 0.19280749471139316
3310 0.19274924471299093
3311 0.19269102990033224
3312 0.1926328502415459
3313 0.1925747057047993
3314 0.1928183464091732
3315 0.19276018099547512
3316 0.19270205066344995
3317 0.19264395538136872
3318 0.19258589511754068
3319 0.19282916541126846
3320 0.1927710843373494
3321 0.19271303824149352
3322 0.19295605057194462
3323 0.19289798374962383
3324 0.19283995186522263
3325 0.19278195488721805
3326 0.19272399278412508
3327 0.19296663660955815
3328 0.19290865384615385
3329 0.192850705917693
3330 0.1927927927927928
3331 0.19303512458721106
3332 0.19297719087635054
3333 0.1929192919291929
3334 0.1928614277144571
3335 0.19280359820089954
3336 0.19274580335731414
3337 0.1926880431525322
3338 0.1926303175554224
3339 0.1928721174004193
3340 0.19281437125748502
3341 0.19275665968272973
3342 0.19269898264512267
3343 0.1929404726293748
3344 0.1928827751196172
3345 0.19282511210762332
3346 0.19276748356246265
3347 0.19300866447564985
3348 0.1929510155316607
3349 0.19289340101522842
3350 0.1928358208955224
3351 0.19277827514174872
3352 0.19301909307875895
3353 0.19296152699075456
3354 0.19290399522957663
3355 0.19284649776453056
3356 0.19308700834326578
3357 0.19302949061662197
3358 0.19297200714711138
3359 0.19291455790413814
3360 0.19285714285714287
3361 0.1927997619756025
3362 0.19274241522903035
3363 0.1926851025869759
3364 0.19262782401902498
3365 0.19286775631500744
3366 0.19281045751633988
3367 0.19275319275319275
3368 0.1926959619952494
3369 0.19263876521222914
3370 0.19258160237388725
3371 0.1928211213289825
3372 0.19276393831553973
3373 0.1927067892084198
3374 0.19264967397747482
3375 0.1925925925925926
3376 0.19283175355450238
3377 0.19277465205803967
3378 0.19271758436944939
3379 0.19295649600473513
3380 0.19289940828402366
3381 0.19284235433303756
3382 0.19278533412182142
3383 0.1927283476204552
3384 0.19296690307328604
3385 0.19290989660265878
3386 0.1928529238038984
3387 0.1927959846471804
3388 0.19273907910271545
3389 0.1926822071407495
3390 0.1929203539823009
3391 0.1928634621055736
3392 0.1928066037735849
3393 0.1927497789566755
3394 0.19269298762522097
3395 0.19263622974963182
3396 0.19287396937573617
3397 0.19281719163968208
3398 0.1927604473219541
3399 0.19270373639305677
3400 0.19294117647058823
3401 0.19288444575124963
3402 0.19282774838330394
3403 0.1927710843373494
3404 0.19300822561692127
3405 0.19295154185022026
3406 0.1928948913681738
3407 0.19283827414147345
3408 0.19278169014084506
3409 0.19301848049281314
3410 0.19296187683284458
3411 0.19290530636177075
3412 0.19284876905041032
3413 0.19279226486961618
3414 0.19273579379027533
3415 0.19297218155197657
3416 0.19291569086651053
3417 0.19285923324553703
3418 0.1928028086600351
3419 0.19274641708101783
3420 0.19269005847953216
3421 0.19292604501607716
3422 0.19286966686148452
3423 0.19281332164767748
3424 0.1927570093457944
3425 0.192992700729927
3426 0.1929363689433742
3427 0.19288007003209803
3428 0.1928238039673279
3429 0.19305920093321668
3430 0.19300291545189505
3431 0.19294666278053046
3432 0.19289044289044288
3433 0.193125546169531
3434 0.19306930693069307
3435 0.1930131004366812
3436 0.1929569266589057
3437 0.19290078556881002
3438 0.19284467713787085
3439 0.19278860133759815
3440 0.1930232558139535
3441 0.1929671607090962
3442 0.19291109819872168
3443 0.19285506825442927
3444 0.19279907084785133
3445 0.1927431059506531
3446 0.1929773650609402
3447 0.19292138091093705
3448 0.19286542923433875
3449 0.1928095100028994
3450 0.19304347826086957
3451 0.19298753984352363
3452 0.1929316338354577
3453 0.19287576020851432
3454 0.19310943833236827
3455 0.1930535455861071
3456 0.19299768518518517
3457 0.1929418571015331
3458 0.19317524580682474
3459 0.1931193986701359
3460 0.1930635838150289
3461 0.1930078012135221
3462 0.1929520508376661
3463 0.19289633265954376
3464 0.1928406466512702
3465 0.19307359307359306
3466 0.19301788805539527
3467 0.1929622151716181
3468 0.19290657439446368
3469 0.19285096569616605
3470 0.1930835734870317
3471 0.1930279458369346
3472 0.19297235023041476
3473 0.1929167866397927
3474 0.19314910765687968
3475 0.19309352517985612
3476 0.1930379746835443
3477 0.19298245614035087
3478 0.1929269695227142
3479 0.193158953722334
3480 0.19310344827586207
3481 0.19304797471990806
3482 0.19299253302699598
3483 0.1932242319839219
3484 0.19316877152698048
3485 0.19311334289813487
3486 0.19305794606999427
3487 0.19300258101519932
3488 0.19294724770642202
3489 0.19289194611636573
3490 0.19312320916905446
3491 0.19306788885706103
3492 0.19301260022909508
3493 0.19295734325794445
3494 0.19290211791642817
3495 0.19284692417739627
3496 0.19279176201372997
3497 0.19273663139834143
3498 0.19296740994854203
3499 0.19291226064589884
3500 0.19285714285714287
3501 0.1928020565552699
3502 0.1927470017133067
3503 0.19297744790179847
3504 0.19292237442922375
3505 0.192867332382311
3506 0.19281232173416998
3507 0.1930424864556601
3508 0.19298745724059294
3509 0.19293245939013964
3510 0.19287749287749287
3511 0.19310737681572201
3512 0.19305239179954442
3513 0.19299743808710504
3514 0.192942515651679
3515 0.19317211948790897
3516 0.19311717861205915
3517 0.19306226897924367
3518 0.1930073905628198
3519 0.19295254333617504
3520 0.19289772727272728
3521 0.19284294234592445
3522 0.19278818852924476
3523 0.1930173147885325
3524 0.19296254256526674
3525 0.19290780141843972
3526 0.19285309132161088
3527 0.19279841224836972
3528 0.19302721088435373
3529 0.19297251345990366
3530 0.19291784702549575
3531 0.19314641744548286
3532 0.19309173272933183
3533 0.19303707896971412
3534 0.19298245614035087
3535 0.19292786421499292
3536 0.19315610859728508
3537 0.1931014984450099
3538 0.19304691916336914
3539 0.19299237072619385
3540 0.19322033898305085
3541 0.19316577238068341
3542 0.19311123658949747
3543 0.1930567315834039
3544 0.1930022573363431
3545 0.1929478138222849
3546 0.19289340101522842
3547 0.19283901888920213
3548 0.19306651634723787
3549 0.19301211608903918
3550 0.19295774647887323
3551 0.19290340749084764
3552 0.19313063063063063
3553 0.1930762735716296
3554 0.19302194710185705
3555 0.1929676511954993
3556 0.19319460067491565
3557 0.19314028675850436
3558 0.19308600337268128
3559 0.19303175049171115
3560 0.19297752808988763
3561 0.19320415613591688
3562 0.193149915777653
3563 0.1930957058658434
3564 0.19304152637485972
3565 0.19326788218793828
3566 0.19321368480089737
3567 0.19315951780207458
3568 0.19310538116591927
3569 0.1930512748669095
3570 0.19299719887955183
3571 0.1929431531783814
3572 0.19288913773796193
3573 0.19311502938706968
3574 0.19306099608282037
3575 0.193006993006993
3576 0.1929530201342282
3577 0.19317864131954152
3578 0.19312465064281722
3579 0.19307069013690975
3580 0.19301675977653632
3581 0.19324211114213907
3582 0.19318816303740927
3583 0.19313424504605078
3584 0.19308035714285715
3585 0.19330543933054392
3586 0.19325153374233128
3587 0.19319765821020352
3588 0.1931438127090301
3589 0.19308999721370856
3590 0.19331476323119778
3591 0.19326093010303536
3592 0.19320712694877507
3593 0.19315335374338993
3594 0.1930996104618809
3595 0.19304589707927677
3596 0.19299221357063404
3597 0.19293855991103698
3598 0.19316286826014453
3599 0.19310919699916643
3600 0.19305555555555556
3601 0.19300194390447098
3602 0.1932259855635758
3603 0.19317235636969193
3604 0.19311875693673697
3605 0.1930651872399445
3606 0.1932889628397116
3607 0.19323537565844193
3608 0.19318181818181818
3609 0.19312829038514823
3610 0.19335180055401663
3611 0.19329825533093326
3612 0.19324473975636766
3613 0.19319125380570162
3614 0.19313779745434423
3615 0.1933609958506224
3616 0.1933075221238938
3617 0.1932540779651645
3618 0.1932006633499171
3619 0.19314727825366124
3620 0.1930939226519337
3621 0.19304059652029826
3622 0.19298729983434568
3623 0.19293403256969363
3624 0.19288079470198677
3625 0.19310344827586207
3626 0.19305019305019305
3627 0.19299696719051557
3628 0.19294377067254687
3629 0.19289060347203085
3630 0.1928374655647383
3631 0.19278435692646653
3632 0.19273127753303965
3633 0.19295348197082302
3634 0.19290038525041278
3635 0.19284731774415406
3636 0.1927942794279428
3637 0.1930162221611218
3638 0.19296316657504123
3639 0.19291014014839242
3640 0.19285714285714287
3641 0.19307882449876407
3642 0.19302580999450852
3643 0.19297282459511392
3644 0.1929198682766191
3645 0.19314128943758574
3646 0.19308831596269885
3647 0.19303537153825062
3648 0.19298245614035087
3649 0.19292956974513564
3650 0.19315068493150686
3651 0.19309778142974526
3652 0.19304490690032858
3653 0.19299206131946345
3654 0.19293924466338258
3655 0.19288645690834474
3656 0.19283369803063458
3657 0.19278096800656275
3658 0.19300164024056862
3659 0.19294889314020225
3660 0.19289617486338798
3661 0.19284348538650642
3662 0.1930638995084653
3663 0.19301119301119302
3664 0.1929585152838428
3665 0.19290586630286494
3666 0.19312602291325695
3667 0.1930733569675484
3668 0.193020719738277
3669 0.1929681112019624
3670 0.19318801089918256
3671 0.19313538545355488
3672 0.19308278867102396
3673 0.19303022052817861
3674 0.1929776810016331
3675 0.19319727891156463
3676 0.19314472252448314
3677 0.19309219472395975
3678 0.19303969548667754
3679 0.19298722478934494
3680 0.19293478260869565
3681 0.19288236892148872
3682 0.1931015752308528
3683 0.1930491447189791
3684 0.19299674267100977
3685 0.19294436906377205
3686 0.19289202387411827
3687 0.1931109302956333
3688 0.19305856832971802
3689 0.1930062347519653
3690 0.19295392953929538
3691 0.19317258195610945
3692 0.19312026002166846
3693 0.19306796642296237
3694 0.19301570113697888
3695 0.193234100135318
3696 0.19318181818181818
3697 0.1931295645117663
3698 0.19307733910221742
3699 0.19302514193025141
3700 0.19324324324324324
3701 0.1931910294514996
3702 0.19313884386817937
3703 0.19308668647042937
3704 0.19303455723542118
3705 0.19298245614035087
3706 0.1929303831624393
3707 0.19314809819260859
3708 0.1930960086299892
3709 0.19304394715556752
3710 0.19299191374663072
3711 0.19293990838049044
3712 0.1931573275862069
3713 0.19310530568273634
3714 0.19305331179321486
3715 0.1930013458950202
3716 0.19321851453175456
3717 0.193166532149583
3718 0.19311457772996235
3719 0.19306265125033611
3720 0.1932795698924731
3721 0.19322762698199408
3722 0.19317571198280495
3723 0.19312382487241472
3724 0.1930719656283566
3725 0.19328859060402684
3726 0.1932367149758454
